Date Write   13/07/17 11:50:00 am
0.886505
0.887421
0.888794
0.888519
0.887146
0.885773
0.884399
0.884216
0.884949
0.886414
0.888519
0.888794
0.887787
0.886322
0.884949
0.88385
0.884399
0.88559
0.887604
0.888794
0.888519
0.887054
0.885406
0.884125
0.884033
0.884857
0.886688
0.888519
0.888794
0.887695
0.886139
0.884399
0.883942
0.884033
0.885864
0.887878
0.889069
0.888336
0.887054
0.88504
0.884033
0.883667
0.884766
0.887146
0.888702
0.888885
0.887878
0.885956
0.884216
0.883575
0.884216
0.885773
0.88797
0.888611
0.888062
0.886414
0.884949
0.883667
0.883942
0.885132
0.887054
0.888611
0.888519
0.887238
0.88559
0.88385
0.883484
0.884033
0.886139
0.888153
0.888702
0.887787
0.886139
0.884491
0.883484
0.883575
0.885132
0.887238
0.888519
0.888336
0.886963
0.885132
0.883484
0.883118
0.884125
0.885956
0.887878
0.888519
0.887604
0.886139
0.884399
0.883209
0.883575
0.884949
0.887054
0.888702
0.888245
0.886688
0.884949
0.883484
0.883118
0.884125
0.886047
0.887878
0.888519
0.887604
0.885864
0.884125
0.883209
0.883392
0.885223
0.887146
0.888428
0.888153
0.88678
0.884857
0.883575
0.882935
0.884216
0.886139
0.887878
0.888519
0.887512
0.885773
0.884125
0.883301
0.883759
0.885223
0.887421
0.888519
0.887787
0.886414
0.884674
0.883484
0.883209
0.884308
0.886414
0.888153
0.888245
0.886871
0.885315
0.883667
0.883118
0.883667
0.885315
0.887604
0.888428
0.887604
0.886047
0.884216
0.883209
0.883209
0.884583
0.886414
0.888153
0.888153
0.88678
0.884949
0.883575
0.882935
0.883667
0.88559
0.887604
0.888336
0.887421
0.885864
0.884216
0.883209
0.883026
0.884583
0.88678
0.888519
0.888153
0.88678
0.885223
0.883484
0.882935
0.883484
0.885681
0.887421
0.888336
0.887604
0.886047
0.884216
0.882843
0.883026
0.884583
0.88678
0.888245
0.887878
0.886688
0.88504
0.883392
0.883026
0.884125
0.886139
0.88797
0.888519
0.887329
0.885956
0.884033
0.883209
0.883484
0.885132
0.887238
0.888428
0.88797
0.886414
0.884674
0.883575
0.883392
0.884216
0.886322
0.88797
0.888336
0.887238
0.885681
0.883942
0.883209
0.883667
0.885223
0.887329
0.888519
0.888153
0.886414
0.884857
0.883484
0.883209
0.884583
0.886505
0.888336
0.888245
0.887054
0.88559
0.883942
0.883209
0.883759
0.885773
0.888062
0.888519
0.887878
0.886322
0.884766
0.883392
0.883301
0.884674
0.886871
0.888519
0.888336
0.887329
0.88559
0.884033
0.883484
0.884033
0.886047
0.887878
0.888611
0.887878
0.886322
0.884674
0.883301
0.883484
0.884949
0.887238
0.888702
0.888519
0.886963
0.885406
0.883942
0.883209
0.884125
0.886414
0.888245
0.888611
0.887787
0.885956
0.884308
0.883301
0.883759
0.885132
0.887329
0.888702
0.888519
0.886688
0.885132
0.883759
0.883301
0.884491
0.886414
0.888519
0.888702
0.887512
0.886047
0.884033
0.883301
0.883759
0.885223
0.887604
0.888336
0.88797
0.886505
0.884766
0.883575
0.883484
0.884399
0.88678
0.888336
0.888794
0.887512
0.885681
0.884125
0.883392
0.883759
0.885498
0.887695
0.888794
0.888062
0.886414
0.884857
0.883667
0.883575
0.884674
0.88678
0.888336
0.888428
0.887054
0.885681
0.883759
0.883209
0.883759
0.885773
0.887878
0.888519
0.888153
0.886414
0.884674
0.883575
0.883667
0.884766
0.887054
0.888336
0.888611
0.887329
0.885223
0.883942
0.883484
0.884216
0.886047
0.888153
0.888611
0.887878
0.886139
0.884583
0.883484
0.883575
0.885132
0.887329
0.888519
0.888245
0.886963
0.885223
0.883759
0.883575
0.884125
0.88623
0.888153
0.888611
0.887604
0.885864
0.884399
0.883209
0.883575
0.88504
0.887604
0.888519
0.888245
0.886597
0.884949
0.883484
0.883301
0.884308
0.886414
0.888245
0.888428
0.887604
0.885681
0.884033
0.883484
0.883575
0.885498
0.887604
0.888611
0.88797
0.886505
0.884949
0.883667
0.883301
0.884583
0.886688
0.888336
0.888519
0.887238
0.88559
0.88385
0.883209
0.883667
0.885406
0.887787
0.888336
0.887695
0.88623
0.884399
0.883118
0.883301
0.884399
0.886688
0.888336
0.888336
0.887054
0.885223
0.883942
0.883209
0.883759
0.88559
0.887878
0.888519
0.887604
0.886047
0.884399
0.883209
0.883209
0.884399
0.886688
0.888245
0.888336
0.886871
0.88504
0.883484
0.883026
0.883759
0.88559
0.887878
0.888519
0.887604
0.885956
0.884399
0.882843
0.883484
0.884766
0.88678
0.888336
0.888245
0.88678
0.884949
0.883484
0.883209
0.884033
0.886047
0.887878
0.888519
0.887238
0.885498
0.884125
0.883392
0.883301
0.884949
0.887238
0.888428
0.88797
0.886688
0.884949
0.883392
0.883209
0.884033
0.886322
0.888153
0.888336
0.887146
0.885773
0.884033
0.883209
0.883667
0.885315
0.887512
0.888519
0.887787
0.886322
0.884766
0.883484
0.883209
0.884308
0.886139
0.888062
0.888245
0.887421
0.885406
0.884033
0.883026
0.883759
0.885132
0.887604
0.888336
0.887787
0.886414
0.884949
0.883484
0.883209
0.884399
0.886414
0.888153
0.888062
0.886871
0.885406
0.883942
0.883209
0.883759
0.88559
0.887695
0.888519
0.887787
0.886322
0.884491
0.883209
0.883209
0.884766
0.886871
0.888245
0.888153
0.886963
0.885406
0.883667
0.883118
0.884033
0.885864
0.887695
0.888519
0.887787
0.885956
0.884491
0.883392
0.883392
0.884949
0.887054
0.888885
0.888336
0.886871
0.885223
0.883759
0.883209
0.884125
0.885956
0.88797
0.888611
0.887512
0.885864
0.884216
0.883209
0.883575
0.88504
0.887329
0.888611
0.888062
0.886597
0.884857
0.883484
0.883209
0.884399
0.886414
0.888245
0.888611
0.887329
0.885864
0.884033
0.883026
0.883759
0.885773
0.887604
0.888519
0.888062
0.886414
0.884949
0.883759
0.883301
0.884491
0.88678
0.888519
0.888519
0.887329
0.88559
0.88385
0.883026
0.884033
0.885681
0.88797
0.888519
0.888153
0.886414
0.884674
0.883392
0.883484
0.884674
0.88678
0.888245
0.888519
0.887146
0.885223
0.883759
0.883392
0.883942
0.885864
0.88797
0.888611
0.887787
0.88623
0.884399
0.883392
0.883575
0.884949
0.887146
0.888428
0.888428
0.887238
0.88504
0.883667
0.883209
0.884033
0.885956
0.88797
0.888611
0.887695
0.886139
0.884491
0.883209
0.883484
0.88504
0.887146
0.888519
0.888336
0.886963
0.88504
0.883759
0.883209
0.884125
0.88623
0.888153
0.888519
0.887604
0.886047
0.884308
0.883392
0.883759
0.885223
0.887604
0.888702
0.888153
0.886414
0.884949
0.883484
0.883026
0.884399
0.886505
0.888153
0.888519
0.887329
0.885956
0.884216
0.883392
0.883575
0.885498
0.887604
0.888519
0.887878
0.886597
0.884857
0.883484
0.883209
0.884399
0.886597
0.888245
0.888519
0.887329
0.885223
0.883759
0.883301
0.883942
0.885498
0.887695
0.888611
0.887878
0.88623
0.884399
0.883301
0.883209
0.884766
0.88678
0.888245
0.888245
0.886963
0.885223
0.88385
0.883392
0.88385
0.886047
0.887787
0.888245
0.887604
0.886139
0.884491
0.883301
0.883301
0.884766
0.886963
0.888519
0.888153
0.88678
0.885223
0.883759
0.883118
0.883942
0.885864
0.888062
0.888245
0.887421
0.885864
0.884216
0.883209
0.883392
0.884949
0.887054
0.888519
0.88797
0.886505
0.884949
0.883484
0.883026
0.884033
0.886139
0.888062
0.888519
0.887421
0.88559
0.884216
0.883026
0.883392
0.884857
0.887329
0.888519
0.88797
0.886414
0.884949
0.883209
0.883118
0.884033
0.886139
0.88797
0.888245
0.887329
0.885498
0.883942
0.882935
0.883392
0.88504
0.887421
0.888245
0.887695
0.886414
0.884491
0.883209
0.883118
0.884399
0.886322
0.888153
0.888062
0.886963
0.885223
0.883942
0.882935
0.883484
0.885315
0.887604
0.888428
0.887787
0.886139
0.884308
0.883392
0.883118
0.884308
0.886505
0.888062
0.888245
0.886871
0.885406
0.883667
0.883118
0.883667
0.885681
0.887512
0.888611
0.887604
0.885956
0.884308
0.883209
0.883026
0.884583
0.886871
0.888428
0.888245
0.886963
0.885223
0.883392
0.882843
0.884125
0.885864
0.88797
0.888519
0.887421
0.886139
0.884033
0.883301
0.883392
0.884949
0.887238
0.888245
0.888153
0.886688
0.884857
0.883759
0.883118
0.884033
0.886047
0.888153
0.888702
0.887512
0.885773
0.883942
0.883026
0.883484
0.885223
0.887421
0.888519
0.888062
0.886414
0.884674
0.883484
0.883026
0.884399
0.886414
0.888428
0.888428
0.887146
0.885498
0.883759
0.883026
0.883759
0.885406
0.887695
0.888519
0.887787
0.886414
0.884674
0.883392
0.883118
0.884674
0.886963
0.888428
0.888245
0.887054
0.885223
0.883759
0.883209
0.88385
0.885773
0.887878
0.888519
0.887878
0.886047
0.884308
0.883209
0.883209
0.884949
0.887054
0.888519
0.888245
0.887054
0.885315
0.883484
0.883209
0.88385
0.886047
0.88797
0.888519
0.887695
0.886047
0.884308
0.883575
0.883575
0.884949
0.887146
0.888519
0.888062
0.88678
0.885223
0.883392
0.883026
0.884033
0.88623
0.887878
0.888519
0.887421
0.885864
0.884216
0.883118
0.883392
0.885406
0.887512
0.888428
0.88797
0.886688
0.884766
0.883667
0.883209
0.884399
0.886505
0.888062
0.888336
0.887329
0.885681
0.884033
0.883209
0.883575
0.885498
0.887421
0.888519
0.887878
0.886505
0.884766
0.883575
0.883301
0.884491
0.886688
0.888428
0.888336
0.887329
0.885406
0.883942
0.883026
0.883667
0.885498
0.887695
0.888428
0.887878
0.886322
0.884491
0.883301
0.883118
0.884491
0.88678
0.888519
0.888336
0.887054
0.885498
0.883667
0.883026
0.883667
0.88559
0.887878
0.888702
0.887695
0.88623
0.884399
0.883209
0.883209
0.884766
0.887054
0.888336
0.888153
0.886871
0.884857
0.883484
0.883026
0.883759
0.885956
0.887878
0.888428
0.887787
0.885864
0.884125
0.883209
0.883392
0.884949
0.887329
0.888336
0.888245
0.88678
0.884857
0.883484
0.883118
0.883942
0.88623
0.88797
0.888519
0.887421
0.885864
0.884125
0.883118
0.883209
0.885223
0.887329
0.888519
0.888062
0.886505
0.884674
0.883209
0.882843
0.884033
0.886139
0.888153
0.888245
0.887329
0.88559
0.88385
0.882843
0.883392
0.885498
0.887329
0.888428
0.887878
0.886322
0.884674
0.883209
0.883301
0.884308
0.886505
0.888062
0.888519
0.886963
0.885315
0.883759
0.882935
0.883484
0.885498
0.887695
0.888428
0.887878
0.88623
0.884583
0.883118
0.883118
0.884399
0.88678
0.888245
0.888245
0.88678
0.885498
0.883759
0.882935
0.883942
0.885681
0.887604
0.888611
0.887604
0.886139
0.884399
0.883209
0.883209
0.884766
0.887054
0.888519
0.888245
0.886963
0.885315
0.883484
0.882843
0.883667
0.885956
0.887878
0.888519
0.887512
0.885956
0.884216
0.883209
0.883392
0.884857
0.887238
0.888519
0.888245
0.88678
0.884949
0.883484
0.883209
0.884125
0.886047
0.887878
0.888519
0.887329
0.885864
0.884125
0.883118
0.883392
0.885132
0.887421
0.888611
0.888062
0.886688
0.884766
0.883575
0.883209
0.884399
0.88623
0.888336
0.888611
0.887329
0.885864
0.884033
0.883209
0.883484
0.88559
0.88797
0.888519
0.888062
0.886505
0.884674
0.883392
0.883301
0.884583
0.886597
0.888336
0.888519
0.887238
0.88559
0.883667
0.883026
0.883942
0.885315
0.887604
0.888702
0.888062
0.886322
0.884674
0.883484
0.883392
0.884766
0.887054
0.888519
0.888336
0.887054
0.885223
0.88385
0.883118
0.884033
0.886047
0.888245
0.888885
0.887878
0.886322
0.884399
0.882935
0.883484
0.884857
0.887329
0.888428
0.888245
0.887054
0.885132
0.883759
0.882935
0.884033
0.886688
0.888153
0.888519
0.887512
0.885956
0.884125
0.883026
0.883301
0.88504
0.887329
0.888519
0.888245
0.886688
0.884949
0.883484
0.883301
0.884216
0.886139
0.888245
0.888428
0.887421
0.885864
0.884216
0.883118
0.883484
0.885132
0.887512
0.888702
0.888153
0.886505
0.884766
0.883484
0.883484
0.884216
0.886597
0.888336
0.888519
0.887512
0.88559
0.883942
0.883209
0.883759
0.885223
0.887512
0.888245
0.887878
0.886505
0.884674
0.883301
0.883301
0.884491
0.886505
0.888336
0.888336
0.887329
0.885406
0.883759
0.883392
0.883575
0.885498
0.887787
0.888428
0.887695
0.88623
0.884674
0.883301
0.883209
0.884857
0.887054
0.888245
0.888519
0.886871
0.885315
0.883759
0.883026
0.88385
0.885864
0.887878
0.888428
0.887421
0.886047
0.884216
0.883392
0.883575
0.884949
0.886963
0.888336
0.888062
0.88678
0.88504
0.883575
0.883118
0.884033
0.885864
0.887878
0.888428
0.887604
0.885864
0.884125
0.883026
0.883209
0.884949
0.887054
0.888519
0.888245
0.886414
0.884857
0.883484
0.883209
0.884033
0.88623
0.888153
0.888428
0.887329
0.885498
0.88385
0.882843
0.883484
0.88504
0.887329
0.888519
0.887878
0.886414
0.884674
0.883484
0.883209
0.884125
0.886505
0.888245
0.888245
0.887054
0.885498
0.883759
0.882935
0.883575
0.885223
0.887421
0.888428
0.887695
0.88623
0.884399
0.883209
0.883118
0.884583
0.886414
0.888336
0.888336
0.886871
0.885223
0.88385
0.883209
0.883575
0.885498
0.887695
0.888519
0.887604
0.886139
0.884216
0.883392
0.883209
0.884491
0.886688
0.888245
0.888245
0.886963
0.885132
0.883759
0.882843
0.883942
0.88559
0.887604
0.888519
0.887695
0.885956
0.884216
0.883484
0.883301
0.884949
0.887054
0.888336
0.888245
0.886688
0.885223
0.883667
0.883118
0.88385
0.886047
0.88797
0.888428
0.887512
0.885956
0.884216
0.883209
0.883392
0.88504
0.887054
0.888428
0.888062
0.886505
0.884949
0.883667
0.882935
0.884033
0.886139
0.888153
0.888428
0.887421
0.885864
0.884033
0.883209
0.883667
0.885315
0.887329
0.888519
0.88797
0.886505
0.884766
0.883301
0.883118
0.884216
0.886414
0.88797
0.888428
0.887238
0.885498
0.883667
0.883026
0.883484
0.885406
0.887421
0.888611
0.887878
0.886414
0.884399
0.883301
0.883209
0.884399
0.88678
0.888519
0.888336
0.887054
0.885498
0.88385
0.883209
0.883759
0.885681
0.887878
0.888519
0.887695
0.886139
0.884399
0.883118
0.883118
0.884583
0.886871
0.888336
0.888245
0.886871
0.885132
0.883575
0.883118
0.88385
0.885956
0.88797
0.888702
0.887604
0.886047
0.884399
0.883392
0.883209
0.884857
0.887146
0.888611
0.888245
0.88678
0.884949
0.883667
0.883209
0.884033
0.88623
0.88797
0.888519
0.887421
0.885864
0.884033
0.883209
0.883759
0.885223
0.887329
0.888428
0.888062
0.886505
0.884949
0.883484
0.883118
0.884125
0.886414
0.888245
0.888428
0.887329
0.885681
0.884033
0.883301
0.883575
0.885315
0.887512
0.888519
0.88797
0.886505
0.884674
0.883209
0.883209
0.884399
0.886871
0.888245
0.888428
0.886963
0.885223
0.884033
0.883026
0.883667
0.885498
0.887604
0.888519
0.887878
0.886322
0.884399
0.883209
0.883484
0.884583
0.886688
0.888245
0.888428
0.887054
0.885223
0.883759
0.883392
0.88385
0.886047
0.887878
0.888519
0.887695
0.886139
0.884399
0.883301
0.883301
0.884766
0.887329
0.888428
0.888245
0.886688
0.885223
0.883759
0.883209
0.884033
0.886047
0.888062
0.888428
0.887329
0.885956
0.884125
0.883209
0.883575
0.88504
0.887329
0.888519
0.888245
0.88678
0.884857
0.883484
0.883118
0.884033
0.886139
0.88797
0.888428
0.887329
0.885498
0.884033
0.882843
0.883484
0.885132
0.887329
0.888336
0.887878
0.886414
0.884949
0.883392
0.883118
0.884308
0.886322
0.888062
0.888245
0.887054
0.885315
0.883942
0.883118
0.883301
0.885223
0.887512
0.888428
0.887878
0.88623
0.884583
0.883209
0.883118
0.884491
0.886688
0.888245
0.888153
0.886963
0.885132
0.883759
0.883118
0.883575
0.885498
0.887695
0.888519
0.887787
0.886139
0.884399
0.883209
0.883118
0.884491
0.886688
0.888245
0.888245
0.886963
0.885223
0.883667
0.883026
0.88385
0.885681
0.88797
0.888428
0.887604
0.885864
0.884308
0.883209
0.883484
0.884857
0.886963
0.888519
0.88797
0.886688
0.884949
0.883392
0.882935
0.884033
0.886139
0.888153
0.888519
0.887421
0.885773
0.883942
0.883118
0.883301
0.884949
0.887238
0.888519
0.887878
0.886597
0.884674
0.883118
0.883026
0.884125
0.88623
0.888153
0.888336
0.887421
0.88559
0.883759
0.882935
0.883301
0.885223
0.887238
0.888428
0.88797
0.886505
0.884766
0.883209
0.883209
0.884399
0.886414
0.888153
0.888336
0.887054
0.885315
0.883759
0.883209
0.883484
0.885315
0.887421
0.888428
0.887878
0.886322
0.884399
0.883301
0.883209
0.884399
0.886688
0.888336
0.888336
0.887054
0.885223
0.883942
0.883026
0.883759
0.885681
0.88797
0.888519
0.887695
0.886414
0.884491
0.883209
0.883392
0.884674
0.88678
0.888519
0.888062
0.88678
0.885223
0.883484
0.883118
0.883667
0.885864
0.888062
0.888519
0.887604
0.88623
0.884216
0.883392
0.883301
0.884766
0.887054
0.888519
0.888062
0.886688
0.884857
0.883392
0.883026
0.884216
0.886139
0.88797
0.888519
0.887421
0.885864
0.884216
0.882843
0.883575
0.88504
0.887146
0.888611
0.888245
0.886505
0.884857
0.883209
0.883209
0.884216
0.886414
0.88797
0.888428
0.887238
0.88559
0.883942
0.883118
0.883484
0.885315
0.887512
0.888519
0.888062
0.886505
0.884583
0.883392
0.883209
0.884674
0.886597
0.888428
0.888336
0.887329
0.885406
0.883667
0.882935
0.883667
0.885681
0.887695
0.888519
0.887695
0.88623
0.884399
0.883118
0.883118
0.88504
0.887146
0.888153
0.888336
0.886963
0.885223
0.883759
0.882843
0.883759
0.88559
0.887878
0.888519
0.887878
0.886047
0.884399
0.883392
0.883484
0.88504
0.887054
0.888519
0.888519
0.886963
0.885132
0.883759
0.883118
0.884033
0.886139
0.887878
0.888336
0.887329
0.885956
0.884125
0.883026
0.883484
0.884949
0.887146
0.888519
0.88797
0.886688
0.884949
0.883392
0.883118
0.884033
0.88623
0.888153
0.888245
0.887238
0.885681
0.884125
0.883026
0.883484
0.885223
0.887512
0.888428
0.888245
0.886322
0.884766
0.883484
0.883209
0.884399
0.886505
0.888245
0.888062
0.887329
0.885864
0.884125
0.882843
0.883759
0.885406
0.887604
0.888336
0.88797
0.886139
0.884766
0.883484
0.883392
0.884399
0.886688
0.888062
0.888245
0.887054
0.885406
0.883759
0.883118
0.883759
0.885498
0.887604
0.888519
0.887512
0.886139
0.884399
0.883484
0.883301
0.884674
0.887146
0.888245
0.888245
0.887054
0.885498
0.883942
0.883209
0.883759
0.885773
0.88797
0.888519
0.887604
0.885956
0.884399
0.883209
0.883484
0.884766
0.886963
0.888519
0.888245
0.88678
0.885132
0.883484
0.883118
0.88385
0.885956
0.888153
0.888245
0.887329
0.885681
0.884033
0.883301
0.883484
0.884766
0.887238
0.888519
0.888153
0.886597
0.884949
0.883484
0.883118
0.884216
0.886139
0.887878
0.888428
0.887512
0.885864
0.884216
0.883118
0.883301
0.885406
0.887421
0.888336
0.887878
0.886505
0.884857
0.883209
0.883392
0.884308
0.886322
0.888153
0.888336
0.887146
0.885315
0.884033
0.883209
0.883484
0.88559
0.887421
0.888519
0.887604
0.886322
0.884766
0.883209
0.883209
0.884216
0.886322
0.888336
0.888336
0.887146
0.885315
0.88385
0.883118
0.883667
0.885773
0.887604
0.888428
0.887878
0.886414
0.884674
0.883392
0.883392
0.884583
0.886688
0.888428
0.888336
0.886963
0.885223
0.883759
0.883118
0.883759
0.885864
0.88797
0.888428
0.887604
0.885956
0.884033
0.883118
0.883209
0.884949
0.887054
0.888519
0.888245
0.886963
0.885223
0.883484
0.883118
0.884033
0.885864
0.887878
0.888519
0.887604
0.886139
0.884216
0.882935
0.883484
0.885223
0.887329
0.888519
0.888062
0.886688
0.884766
0.883575
0.883118
0.884308
0.88623
0.888153
0.888336
0.887329
0.88559
0.884033
0.883209
0.883392
0.885223
0.887421
0.888428
0.888062
0.886414
0.884766
0.883484
0.883118
0.884308
0.886414
0.888062
0.888336
0.887146
0.885498
0.883667
0.883026
0.883484
0.88559
0.887512
0.888519
0.887695
0.886139
0.884491
0.883392
0.883484
0.884857
0.886688
0.888245
0.888245
0.886963
0.885498
0.883759
0.883209
0.883942
0.885498
0.887787
0.888611
0.887787
0.886139
0.884399
0.883209
0.883301
0.884674
0.886871
0.888245
0.888245
0.88678
0.88504
0.883759
0.883118
0.884033
0.886139
0.88797