Date Write   13/07/17 12:30:00 pm
0.886688
0.886505
0.885223
0.884033
0.883667
0.884949
0.886322
0.886414
0.885315
0.883942
0.88385
0.884857
0.88623
0.886414
0.885223
0.884033
0.883759
0.884857
0.88623
0.886414
0.885132
0.884033
0.88385
0.88504
0.88623
0.886414
0.885223
0.883942
0.884033
0.884766
0.886414
0.886414
0.885223
0.88385
0.883667
0.884949
0.886414
0.886414
0.885223
0.884033
0.88385
0.884674
0.88623
0.886505
0.885315
0.884033
0.883759
0.884949
0.886322
0.886688
0.885223
0.884033
0.883759
0.884857
0.886414
0.886597
0.885315
0.884033
0.883759
0.88504
0.886505
0.886414
0.885498
0.884216
0.884033
0.88504
0.886139
0.886597
0.885223
0.884033
0.88385
0.884949
0.886414
0.886322
0.885223
0.88385
0.883667
0.884949
0.886505
0.886597
0.885223
0.884125
0.88385
0.884766
0.886414
0.886414
0.885406
0.883942
0.884033
0.884766
0.886414
0.886414
0.885223
0.884125
0.883759
0.884857
0.88623
0.886414
0.885223
0.883942
0.88385
0.884766
0.886505
0.886505
0.885315
0.884033
0.883575
0.884857
0.886414
0.886688
0.885498
0.884033
0.883759
0.884766
0.886414
0.886688
0.885223
0.884308
0.883942
0.884949
0.886322
0.886597
0.885223
0.884125
0.884033
0.884949
0.886414
0.886597
0.885223
0.883942
0.883759
0.884857
0.886688
0.886597
0.885498
0.884308
0.883759
0.884766
0.886414
0.886505
0.885223
0.884399
0.883759
0.884766
0.88623
0.886597
0.885223
0.884033
0.883942
0.884949
0.886322
0.886414
0.885223
0.884033
0.88385
0.884674
0.886322
0.886688
0.885223
0.884216
0.883759
0.884674
0.886505
0.886505
0.885406
0.884033
0.884033
0.884949
0.886414
0.886505
0.885406
0.884033
0.883942
0.884766
0.886688
0.886688
0.885406
0.884033
0.88385
0.884949
0.88623
0.886597
0.885315
0.884033
0.883575
0.884857
0.886414
0.886688
0.885223
0.884125
0.883942
0.884949
0.88623
0.886688
0.885223
0.884033
0.883759
0.884949
0.886414
0.886597
0.885223
0.884033
0.883759
0.884949
0.886597
0.886597
0.885223
0.884033
0.883759
0.884583
0.886505
0.886505
0.885498
0.883942
0.883759
0.884949
0.886505
0.886414
0.885315
0.883942
0.88385
0.884857
0.886322
0.88678
0.885223
0.884033
0.883759
0.884674
0.886597
0.886688
0.885223
0.884125
0.88385
0.884674
0.88623
0.886505
0.885498
0.883942
0.883575
0.884857
0.886414
0.886414
0.885223
0.883942
0.883484
0.884949
0.886414
0.886414
0.885132
0.883942
0.883759
0.884949
0.886414
0.886505
0.885315
0.883667
0.883759
0.884949
0.886414
0.886597
0.885223
0.883942
0.883667
0.884766
0.886414
0.886688
0.885498
0.88385
0.883667
0.885132
0.886414
0.886505
0.885315
0.884033
0.883575
0.884949
0.886139
0.886597
0.885223
0.884033
0.883667
0.884674
0.88623
0.886505
0.885223
0.883942
0.88385
0.884949
0.886414
0.886688
0.885223
0.883759
0.883759
0.884674
0.88623
0.886597
0.885223
0.883759
0.883759
0.884766
0.886414
0.886597
0.885406
0.883942
0.883759
0.884766
0.886322
0.886688
0.885315
0.883759
0.88385
0.884674
0.886322
0.886688
0.885223
0.883942
0.88385
0.884857
0.886688
0.886688
0.885315
0.884033
0.883759
0.884766
0.886322
0.886688
0.885223
0.884125
0.883759
0.884766
0.88623
0.886688
0.885498
0.884125
0.88385
0.884766
0.886414
0.886688
0.885498
0.883942
0.883759
0.884674
0.88623
0.886597
0.885406
0.884033
0.88385
0.884766
0.886139
0.886597
0.885498
0.884125
0.88385
0.884674
0.88623
0.886688
0.885498
0.883759
0.88385
0.884674
0.886322
0.886688
0.885498
0.883759
0.883759
0.884857
0.886414
0.886688
0.885498
0.88385
0.883759
0.884949
0.886139
0.886688
0.885498
0.884033
0.884033
0.884857
0.886414
0.88678
0.885498
0.883759
0.883575
0.884766
0.88623
0.886688
0.88559
0.884125
0.883484
0.884766
0.886414
0.88678
0.885406
0.883942
0.883484
0.884674
0.886414
0.88678
0.885773
0.884216
0.883484
0.884857
0.886414
0.886688
0.885498
0.884216
0.883484
0.884674
0.886322
0.886688
0.88559
0.884216
0.883575
0.884674
0.886139
0.886871
0.885498
0.884033
0.883667
0.884674
0.88623
0.886688
0.885773
0.884399
0.883667
0.884583
0.886139
0.886505
0.885406
0.884033
0.883759
0.884674
0.88623
0.886688
0.885498
0.884308
0.883759
0.884491
0.886139
0.88678
0.88559
0.884125
0.883667
0.884583
0.886139
0.886688
0.885864
0.884216
0.88385
0.884491
0.886322
0.88678
0.88559
0.884125
0.883484
0.884583
0.886047
0.88678
0.885498
0.884399
0.883667
0.884399
0.886414
0.886688
0.885498
0.884216
0.883759
0.884399
0.886139
0.886597
0.88559
0.884216
0.883759
0.884583
0.885864
0.886597
0.88559
0.884399
0.88385
0.884583
0.886139
0.886688
0.885498
0.884216
0.883759
0.884491
0.88623
0.886505
0.885315
0.884308
0.883575
0.884674
0.88623
0.887054
0.885498
0.884216
0.883759
0.884583
0.886047
0.886688
0.885498
0.884216
0.883759
0.884399
0.886139
0.886597
0.885498
0.884308
0.883759
0.884583
0.886139
0.886597
0.88559
0.884216
0.883942
0.884674
0.885864
0.88678
0.885223
0.884033
0.883759
0.884491
0.885956
0.886688
0.885223
0.884033
0.883759
0.884583
0.886139
0.886688
0.885406
0.884216
0.88385
0.884491
0.885956
0.886688
0.885498
0.884216
0.883484
0.884399
0.886139
0.88678
0.885498
0.884033
0.883667
0.884308
0.886047
0.886505
0.88559
0.884125
0.883575
0.884399
0.886139
0.886414
0.88559
0.884125
0.883575
0.884766
0.88623
0.886505
0.885406
0.884033
0.883667
0.884583
0.886047
0.886597
0.885681
0.884308
0.883759
0.884491
0.885956
0.886597
0.885498
0.884308
0.883759
0.884766
0.886139
0.886505
0.885498
0.884125
0.883575
0.884583
0.885956
0.886414
0.885315
0.884216
0.883667
0.884399
0.885864
0.886688
0.885498
0.884125
0.883759
0.884491
0.886047
0.886688
0.885498
0.884125
0.883942
0.884857
0.886047
0.886688
0.885498
0.883942
0.883759
0.884491
0.885956
0.886597
0.885498
0.884399
0.883667
0.884491
0.886047
0.886505
0.885498
0.884399
0.883759
0.884583
0.886047
0.886688
0.885498
0.884399
0.883759
0.884399
0.886047
0.886414
0.885406
0.884033
0.883667
0.884491
0.886139
0.886688
0.885315
0.884308
0.883667
0.884491
0.88623
0.886688
0.885498
0.884033
0.883575
0.884491
0.885956
0.886688
0.88559
0.884125
0.883942
0.884491
0.885956
0.886871
0.885498
0.884125
0.88385
0.884766
0.886139
0.886688
0.885681
0.884033
0.883759
0.884583
0.886139
0.88678
0.885773
0.884216
0.88385
0.884399
0.88623
0.886688
0.88559
0.884399
0.883759
0.884674
0.885956
0.886688
0.885498
0.884216
0.883759
0.884674
0.885956
0.886597
0.885406
0.884125
0.883759
0.884583
0.886139
0.886688
0.88559
0.884033
0.883759
0.884674
0.886139
0.886688
0.885498
0.884125
0.883759
0.884399
0.886139
0.886414
0.88559
0.884033
0.883759
0.884674
0.886322
0.886688
0.885406
0.884216
0.88385
0.884674
0.886139
0.886688
0.885498
0.884033
0.883667
0.884491
0.886139
0.886688
0.885406
0.884308
0.883759
0.884399
0.886047
0.886688
0.885498
0.884216
0.883759
0.884399
0.886322
0.886688
0.885498
0.884033
0.883667
0.884674
0.886139
0.886505
0.885406
0.884308
0.883759
0.884674
0.885956
0.886597
0.885498
0.884033
0.88385
0.884399
0.886139
0.886597
0.88559
0.884308
0.883667
0.884583
0.885864
0.886688
0.885498
0.883942
0.88385
0.884674
0.885956
0.886597
0.885406
0.884216
0.883484
0.884583
0.885956
0.886688
0.885498
0.883942
0.88385
0.884491
0.886139
0.88678
0.88559
0.884216
0.883759
0.884674
0.885864
0.886505
0.885681
0.884033
0.883942
0.884674
0.88623
0.886597
0.885681
0.884216
0.883759
0.884674
0.886047
0.886688
0.885681
0.884216
0.883667
0.884491
0.885864
0.886688
0.885498
0.884125
0.883575
0.884308
0.886322
0.88678
0.885498
0.884216
0.883667
0.884399
0.88623
0.886597
0.885498
0.884033
0.883667
0.884399
0.886139
0.886414
0.885498
0.884216
0.883759
0.884399
0.886047
0.886414
0.885406
0.884399
0.883575
0.884491
0.886139
0.886505
0.885498
0.884125
0.883575
0.884399
0.886139
0.886597
0.885498
0.884216
0.883667
0.884491
0.886047
0.886597
0.885406
0.884216
0.883575
0.884583
0.885956
0.886688
0.885498
0.884216
0.883575
0.884583
0.886139
0.886688
0.885498
0.884125
0.883759
0.884308
0.885864
0.88678
0.885498
0.884399
0.883667
0.884308
0.886047
0.886505
0.885498
0.884216
0.88385
0.884399
0.885956
0.886597
0.885498
0.884216
0.883759
0.884399
0.886047
0.886597
0.88559
0.884216
0.883484
0.884674
0.886139
0.886597
0.88559
0.884308
0.883759
0.884308
0.886139
0.886414
0.885315
0.884399
0.883575
0.884491
0.886047
0.886688
0.885498
0.884216
0.883759
0.884308
0.886047
0.886688
0.885498
0.884216
0.883575
0.884399
0.886139
0.886688
0.88559
0.884033
0.883575
0.884491
0.886139
0.886505
0.885498
0.884308
0.88385
0.884583
0.886139
0.886688
0.88559
0.884216
0.883759
0.884491
0.886139
0.886414
0.885498
0.884125
0.883575
0.884583
0.886139
0.886688
0.88559
0.884033
0.883484
0.884491
0.886139
0.886688
0.885498
0.884125
0.883575
0.884399
0.886139
0.886688
0.88559
0.88385
0.883484
0.884399
0.885956
0.886597
0.885498
0.884125
0.883759
0.884308
0.886047
0.886688
0.88559
0.884125
0.883667
0.884399
0.886139
0.886597
0.885498
0.884399
0.883667
0.884399
0.88623
0.886597
0.885498
0.884216
0.883484
0.884674
0.886047
0.886688
0.885498
0.884125
0.883759
0.884399
0.885956
0.88678
0.88559
0.884216
0.883575
0.884399
0.886047
0.886505
0.885864
0.884033
0.883484
0.884399
0.885956
0.886688
0.885773
0.884125
0.883575
0.884399
0.88623
0.886688
0.885681
0.884125
0.883759
0.884491
0.886139
0.886871
0.885773
0.884033
0.883759
0.884674
0.886047
0.886963
0.885864
0.884399
0.883759
0.884399
0.886139
0.886688
0.88559
0.884033
0.883667
0.884491
0.886139
0.88678
0.885773
0.884125
0.883759
0.884125
0.885773
0.886871
0.885773
0.884125
0.883759
0.884399
0.885864
0.886688
0.885498
0.884308
0.883759
0.884308
0.885864
0.886688
0.885773
0.884399
0.883667
0.884491
0.88623
0.886597
0.885681
0.884216
0.883759
0.884491
0.886139
0.886688
0.885681
0.884125
0.883484
0.884399
0.885864
0.886505
0.88559
0.884125
0.883209
0.884308
0.886139
0.886688
0.885773
0.884125
0.883667
0.884399
0.885956
0.88678
0.88559
0.884033
0.883484
0.884308
0.885864
0.886688
0.886047
0.884491
0.883484
0.884308
0.885864
0.886688
0.885773
0.884308
0.883484
0.884308
0.885956
0.88678
0.885773
0.884125
0.883759
0.884399
0.886047
0.886871
0.885773
0.884308
0.883484
0.884399
0.886139
0.886871
0.885773
0.884216
0.883484
0.884125
0.885956
0.886963
0.885773
0.884491
0.883575
0.884125
0.886139
0.886688
0.885773
0.884399
0.883667
0.884399
0.885864
0.88678
0.885773
0.884399
0.883484
0.884399
0.885864
0.886505
0.885773
0.884216
0.883484
0.884308
0.88559
0.886688
0.885773
0.884399
0.883667
0.884399
0.885681
0.886597
0.885864
0.884399
0.883759
0.884033
0.885773
0.88678
0.885864
0.884308
0.883667
0.884216
0.885773
0.886688
0.885864
0.884399
0.883759
0.884216
0.885864
0.88678
0.885864
0.884491
0.883575
0.884216
0.885864
0.886871
0.885681
0.884399
0.883759
0.884308
0.885864
0.886688
0.885956
0.884399
0.883667
0.884399
0.885773
0.886688
0.885864
0.884216
0.883759
0.884491
0.885864
0.886688
0.885864
0.884399
0.883484
0.884399
0.885864
0.886688
0.885773
0.884491
0.883575
0.884583
0.885864
0.88678
0.885864
0.884399
0.883759
0.884125
0.885864
0.886688
0.885956
0.884399
0.884033
0.884399
0.885681
0.886688
0.885864
0.884491
0.883759
0.884125
0.885864
0.886688
0.885864
0.884399
0.883759
0.884399
0.885681
0.886597
0.885773
0.884491
0.883667
0.884033
0.885864
0.886688
0.885864
0.884399
0.883667
0.884308
0.885864
0.88678
0.88559
0.884399
0.883759
0.884216
0.885956
0.886597
0.885773
0.884399
0.883484
0.884216
0.885864
0.886688
0.885864
0.884399
0.883575
0.884399
0.885681
0.886688
0.885773
0.884399
0.88385
0.884491
0.885864
0.886688
0.885864
0.884125
0.883759
0.884308
0.885773
0.88678
0.88559
0.884308
0.883667
0.884216
0.885864
0.886597
0.885864
0.884491
0.883759
0.884125
0.885864
0.886688
0.885681
0.884399
0.883759
0.884399
0.885773
0.886597
0.885773
0.884308
0.883667
0.884125
0.88559
0.886505
0.885773
0.884308
0.883759
0.884491
0.885956
0.886505
0.885773
0.884399
0.883575
0.884308
0.885773
0.886688
0.885773
0.884399
0.883484
0.884308
0.885773
0.886688
0.885864
0.884308
0.883575
0.884033
0.885773
0.88678
0.885864
0.884399
0.883667
0.884033
0.885773
0.886414
0.885773
0.884583
0.883575
0.884399
0.885773
0.886505
0.885864
0.884216
0.883759
0.884125
0.885864
0.886505
0.88559
0.884033
0.88385
0.884308
0.885864
0.886688
0.88559
0.884308
0.883759
0.884216
0.885773
0.886505
0.885864
0.884308
0.883759
0.884216
0.885681
0.886597
0.885773
0.884399
0.883575
0.884491
0.885864
0.886505
0.88559
0.884491
0.883942
0.884216
0.88559
0.886414
0.885773
0.884399
0.88385
0.884308
0.885773
0.886505
0.885864
0.884399
0.883759
0.884399
0.885498
0.88678
0.885773
0.884583
0.883667
0.884308
0.885681
0.886505
0.885864
0.884399
0.88385
0.884308
0.885773
0.886505
0.885773
0.884399
0.883759
0.884491
0.885681
0.886414
0.885864
0.884308
0.88385
0.884399
0.885773
0.886322
0.885773
0.884491
0.883667
0.884399
0.885864
0.886414
0.885864
0.884216
0.883942
0.884583
0.885864
0.886505
0.885773
0.884399
0.883942
0.884308
0.885773
0.886414
0.885864
0.884399
0.88385
0.884399
0.88559
0.886688
0.885864
0.884216
0.883759
0.884399
0.885498
0.886505
0.885681
0.884399
0.883759
0.884399
0.88559
0.886597
0.885773
0.884308
0.884033
0.884491
0.885864
0.886871
0.88559
0.884399
0.88385
0.884399
0.885773
0.886688
0.88559
0.884033
0.88385
0.884491
0.885956
0.886505
0.885498
0.884583
0.88385
0.884308
0.885864
0.886505
0.885864
0.884583
0.883667
0.884399
0.885864
0.886688
0.885681
0.884399
0.883484
0.884399
0.885956
0.886414
0.885864
0.884308
0.88385
0.884216
0.88559
0.886505
0.885773
0.884308
0.884033
0.884216
0.88559
0.886505
0.88559
0.884308
0.883942
0.884125
0.885498
0.88678
0.88559
0.884491
0.88385
0.884216
0.885864
0.886505
0.88559
0.884308
0.883759
0.884399
0.885864
0.886688
0.885315
0.884216
0.883759
0.884308
0.885864
0.886597
0.885498
0.884308
0.883759
0.884674
0.885681
0.886688
0.885681
0.884399
0.883759
0.884125
0.886047
0.88678
0.885681
0.884308
0.883667
0.884491
0.885773
0.886505
0.885773
0.884399
0.883759
0.884399
0.885864
0.886597
0.885681
0.884399
0.88385
0.884491
0.886322
0.886414
0.885498
0.884399
0.883759
0.884399
0.885864
0.886688
0.885681
0.884216
0.883759
0.884308
0.885864
0.886597
0.885498
0.884399
0.883575
0.884399
0.885864
0.886688
0.885498
0.884399
0.883575
0.884308
0.885956
0.886688
0.885864
0.884125
0.883484
0.884399
0.886047
0.886505
0.885864
0.884399
0.883759
0.884399
0.885773
0.886688
0.88559
0.884308
0.883667
0.884308
0.885864
0.886597
0.885498
0.884033
0.883575
0.884399
0.885681
0.886688
0.885498
0.884033
0.883575
0.884399
0.885864
0.886597
0.885773
0.884216
0.883667
0.884216
0.885864
0.886688
0.885773
0.884399
0.88385
0.884033
0.885864
0.886688
0.885498
0.884399
0.883301
0.884491
0.885864
0.88678
0.88559
0.884125
0.883484
0.884491
0.885864
0.886871
0.885681
0.884216
0.883575
0.884491
0.885864
0.886414
0.885681
0.884033
0.883484
0.884033
0.885773
0.886688
0.88559
0.884216
0.883484
0.884583
0.885864
0.886597
0.885498
0.884399
0.883575
0.884308
0.885864
0.886414
0.885864
0.884399
0.883575
0.884216
0.885773
0.886688
0.885773
0.884216
0.883575
0.884399
0.885681
0.886505
0.885681
0.884308
0.883484
0.884399
0.885864
0.886688
0.885864
0.884125
0.883575
0.884491
0.885864
0.886688
0.885681
0.884399
0.883484
0.884216
0.885864
0.88678
0.885681
0.884033
0.883484
0.884216
0.885773
0.88678
0.885681
0.884216
0.883575
0.884216
0.885864
0.886688
0.885864
0.884125
0.883392
0.884125
0.885864
0.886688
0.885864
0.884125
0.883484
0.884125
0.885773
0.886688
0.885864
0.884216
0.883484
0.884033
0.885864
0.886688
0.885681
0.884399
0.883484
0.884216
0.885956
0.886597
0.885864
0.884308
0.883484
0.884308
0.885864
0.88678
0.88559
0.884125
0.883392
0.884308
0.885864
0.88678
0.88559
0.884216
0.883392
0.884033
0.885681
0.886688
0.885773
0.884125
0.883392
0.884399
0.885864
0.886688
0.885681
0.884216
0.883209
0.884033
0.88559
0.887054
0.885773
0.884308
0.883301
0.88385
0.885773
0.886688
0.88559
0.884399
0.88385
0.884583
0.885864
0.886688
0.88559
0.884216
0.883392
0.884033
0.885864
0.886871
0.885864
0.884216
0.883484
0.884033
0.885773
0.886688
0.885864
0.884216
0.883484
0.884033
0.885681
0.886688
0.885864
0.884125
0.883484
0.884033
0.885773
0.886597
0.885681
0.884308
0.883392
0.884216
0.885864
0.886688
0.885864
0.884399
0.883301
0.884033
0.88559
0.886688
0.885864
0.884125
0.883392
0.884216
0.885773
0.886688
0.885773
0.884399
0.883301
0.884308
0.88559
0.886688
0.885956
0.884125
0.883484
0.884033
0.88559
0.886688
0.886047
0.884308
0.883759
0.884125
0.885498
0.886688
0.885773
0.884399
0.883484
0.884216
0.885681
0.887054
0.885956
0.884399
0.883575
0.884033
0.885681
0.886597
0.885864
0.884216
0.883759
0.884033
0.885681
0.886688
0.885864
0.884308
0.883484
0.883942
0.88559
0.886688
0.885864
0.884491
0.883484
0.884033
0.885681
0.886688
0.885773
0.884216
0.883759
0.884033
0.88559
0.886688
0.886047
0.884399
0.883575
0.884308
0.885681
0.886505
0.885956
0.884399
0.883484
0.884125
0.885681
0.886871
0.885956
0.884583
0.883484
0.88385
0.885864
0.886688
0.886047
0.884399
0.883392
0.883942
0.885773
0.886963
0.885864
0.884491
0.883484
0.883942
0.885681
0.88678
0.885864
0.884583
0.883484
0.884125
0.885498
0.88678
0.885864
0.884399
0.883484
0.883942
0.88559
0.886688
0.885864
0.884399
0.883484
0.883942
0.88559
0.886597
0.886047
0.884399
0.883484
0.884033
0.885681
0.886688
0.886139
0.884491
0.883484
0.884033
0.885498
0.886505
0.885864
0.884491
0.883667
0.883942
0.885498
0.886688
0.885956
0.884491
0.883667
0.883942
0.88559
0.886688
0.885773
0.884491
0.883484
0.88385
0.885681
0.886688
0.885773
0.884399
0.883575
0.884033
0.88559
0.886597
0.885864
0.884399
0.883759
0.88385
0.885498
0.886414
0.885773
0.884399
0.883667
0.884125
0.885406
0.886597
0.885773
0.884399
0.883667
0.884033
0.885498
0.886414
0.885864
0.884399
0.883575
0.884033
0.885498
0.886688
0.885864
0.884399
0.883392
0.884033
0.885498
0.886414
0.885864
0.884491
0.883484
0.883942
0.885498
0.886597
0.88559
0.884399
0.883667
0.883942
0.885498
0.886505
0.885864
0.884399
0.883575
0.883942
0.885498
0.886414
0.885773
0.884399
0.883575
0.88385
0.885406
0.886322
0.885681
0.884674
0.883759
0.884216
0.885498
0.886414
0.885773
0.884399
0.883667
0.884033
0.885223
0.886414
0.885773
0.884308
0.883667
0.883942
0.885406
0.886322
0.885773
0.884399
0.883575
0.884033
0.885498
0.886688
0.885681
0.884583
0.883759
0.88385
0.885315
0.88623
0.885773
0.884491
0.883667
0.884125
0.885498
0.886505
0.885498
0.884399
0.883575
0.88385
0.885223
0.886505
0.885773
0.884491
0.883575
0.884033
0.885498
0.886322
0.885498
0.884216
0.883667
0.883942
0.885406
0.88623
0.885498
0.884308
0.883575
0.884033
0.885498
0.886139
0.885681
0.884216
0.883575
0.884125
0.885498
0.886414
0.885773
0.884399
0.883575
0.884033
0.885315
0.886414
0.885773
0.884399
0.883667
0.883942
0.885498
0.886414
0.88559
0.884399
0.883667
0.884399
0.885681
0.886139