13-jul-17 12:10:00 p.m.
9.0099766
9.0097224
9.0097559
9.0101304
9.0100234
9.0098829
9.0100234
9.0099833
9.0097893
9.0098696
9.00999
9.0101371
9.0098829
9.0098294
9.0100769
9.010224
9.0101839
9.0097291
9.010204
9.0103244
9.0100033
9.0098763
9.0101103
9.0098629
9.0098829
9.0100033
9.0104782
9.0097559
9.010097
9.0100234
9.00999
9.0098094
9.0097425
9.0096355
9.0096154
9.0094683
9.0095619
9.0102374
9.0102642
9.0100234
9.0102775
9.0100501
9.0099966
9.0101237
9.0098428
9.0098829
9.0096756
9.0096556
9.0100435
9.0102909
9.0101304
9.0102307
9.0103645
9.0104447
9.0104247
9.0102374
9.0102107
9.0102709
9.010204
9.0100501
9.0097425
9.0096422
9.0098629
9.0099231
9.0104381
9.0105584
9.0107457
9.0105919
9.0096087
9.0097893
9.0098629
9.0106521
9.0110199
9.0112272
9.0105919
9.0096021
9.0093078
9.0098361
9.0107323
9.0120565
9.0114279
9.0098763
9.0081708
9.0085119
9.0108193
9.0130531
9.0127655
9.0096556
9.0066861
9.0068734
9.0107123
9.0147518
9.0144107
9.0098763
9.004994
9.0046061
9.0099632
9.015755
9.0152133
9.0093078
9.0037166
9.0032351
9.0088731
9.0162098
9.0163703
9.0096556
9.0027135
9.0024192
9.0093345
9.0163636
9.0164506
9.009261
9.0024794
9.0022988
9.0091606
9.0170926
9.0162767
9.0092409
9.0023456
9.0024928
9.0093078
9.0166847
9.0165108
9.0092677
9.0023523
9.0024058
9.0093011
9.0169388
9.0163503
9.0094817
9.00268
9.0024794
9.0091205
9.0168786
9.0160894
9.0091339
9.003195
9.0024326
9.0094549
9.0166579
9.016464
9.0100435
9.0034759
9.0024125
9.0093947
9.0167984
9.0165241
9.0099231
9.0036698
9.0026666
9.0088664
9.0164573
9.0161964
9.0092677
9.0026666
9.0022988
9.0093278
9.0165108
9.0160092
9.0091205
9.002874
9.0022721
9.0089466
9.0162499
9.0158888
9.0089333
9.0026666
9.0025262
9.009261
9.0166445
9.0159824
9.0089466
9.0023991
9.0024392
9.0090269
9.0168452
9.0158353
9.0087727
9.0023256
9.0024058
9.0087727
9.0161897
9.0156413
9.0089266
9.0019978
9.0021918
9.0091205
9.0162098
9.0151999
9.008318
9.0015163
9.001737
9.0084049
9.0156614
9.0147786
9.0076692
9.0012421
9.0013357
9.0081173
9.0157216
9.0149257
9.0078766
9.0011084
9.0018641
9.008746
9.0153738
9.0142368
9.0074218
9.0009278
9.0013491
9.0082511
9.0153471
9.0141967
9.0067664
9.000881
9.001309
9.0083581
9.0152869
9.0139559
9.006753
9.0004128
9.0008676
9.007803
9.014812
9.0138222
9.0064721
9.0005131
9.0005666
9.0077094
9.0146047
9.0136483
9.0065858
9.0001921
9.0005733
9.0071476
9.0142703
9.0136215
9.0063851
9.0000717
9.0004663
9.0073348
9.0142837
9.0138088
9.0060842
8.9999982
8.9997373
9.0069937
9.0140563
9.0135279
9.0062447
8.999831
8.9999246
9.0066727
9.0137085
9.0128992
9.0066125
9.0001052
8.9999781
9.006452
9.0136215
9.0128257
9.0057832
8.9992558
8.9988947
9.0053485
9.0126652
9.0126986
9.005489
8.9994297
8.9997574
9.0062514
9.0133607
9.0125715
9.0055491
8.9990685
8.9996169
9.0066125
9.0130664
9.0125581
9.0056896
8.9994832
8.9996571
9.0068533
9.0140897
9.0129193
9.0060574
8.9998845
9.0001654
9.0068399
9.0136282
9.0127387
9.0060842
8.9993561
8.999724
9.0060641
9.0135614
9.0130397
9.0064988
8.9996504
8.9993829
9.0059571
9.0131199
9.012498
9.0056695
8.9996036
8.9988478
9.0056896
9.0125381
9.012625
9.0060909
8.999724
8.9992023
9.0058367
9.0133741
9.0131601
9.0064186
8.9998176
8.9998176
9.0061109
9.0136817
9.0133942
9.0065523
9.0002389
8.9996236
9.006131
9.0139359
9.0130464
9.0064119
9.0002791
8.9994832
9.0057765
9.0135747
9.012839
9.006559
8.9997039
8.9994497
9.0059036
9.0134142
9.0132069
9.0065055
8.9996437
8.9995501
9.0063651
9.0136416
9.0134142
9.0064386
8.999637
8.9996169
9.0062313
9.0139024
9.0132403
9.0066326
8.9992491
8.999423
9.0065323
9.014063
9.0137821
9.0063049
8.9998376
8.9995835
9.0067864
9.0138824
9.0133273
9.0066727
9.0003192
8.9999112
9.0067262
9.0135948
9.0135747
9.0067664
9.0003526
9.000172
9.0065055
9.0138824
9.0137486
9.0070138
9.0006068
9.0005198
9.0064453
9.0143037
9.0138356
9.0069603
9.0011017
9.0006201
9.0069135
9.014297
9.0142302
9.0072746
9.0012421
9.000473
9.006967
9.0146582
9.0139292
9.0075288
9.0013224
9.0005198
9.0073014
9.0145378
9.0144509
9.0079702
9.0015966
9.0002322
9.0068867
9.0147719
9.0147652
9.0082578
9.0018574
9.0008877
9.0070874
9.015026
9.014705
9.008425
9.0017236
9.0006603
9.0073081
9.0143171
9.0147986
9.0080973
9.0015765
9.0010013
9.0073281
9.0144642
9.0149658
9.0078966
9.0017303
9.0010415
9.0072813
9.0154206
9.0144977
9.0084785
9.0017705
9.0014427
9.0075823
9.0149525
9.0145579
9.0081441
9.0019243
9.0008877
9.0074753
9.0148187
9.0146515
9.0079702
9.0017771
9.0013959
9.0075087
9.0149056
9.0144509
9.0080371
9.0018975
9.0016568
9.007288
9.014705
9.014491
9.0078699
9.0019109
9.0013424
9.0076559
9.0151397
9.0146047
9.0077963
9.0017571
9.0013826
9.007502
9.0151263
9.0147384
9.0075488
9.001416
9.0009211
9.0074552
9.0149056
9.0141231
9.0074686
9.0014896
9.0011084
9.0078498
9.0148187
9.0140563
9.0070406
9.001416
9.0017303
9.007482
9.0144375
9.0137754
9.0072011
9.0013424
9.0015631
9.0075756
9.0140496
9.0138356
9.0072144
9.0006068
9.0012756
9.0076692
9.0145913
9.0142235
9.0070673
9.0009947
9.0009144
9.0074084
9.0140228
9.0138891
9.00688
9.0010548
9.0008275
9.0076358
9.0142435
9.013568
9.0067329
9.0007539
9.000259
9.0072278
9.0145846
9.0134677
9.0073415
9.0008676
9.0002991
9.0068332
9.0145846
9.0140696
9.007395
9.0007338
9.0001386
9.0069269
9.0144442
9.0143171
9.0080504
9.0015631
9.0004864
9.0067396
9.0143639
9.0140964
9.0077495
9.0014561
9.0004128
9.0066995
9.0145044
9.0139091
9.0075087
9.0016233
9.0006201
9.0069001
9.0143572
9.0136684
9.007589
9.0013826
9.000473
9.0068533
9.0143639
9.0135078
9.0071609
9.0012488
9.0008542
9.0068265
9.0146247
9.0131935
9.0072412
9.0012956
9.0003794
9.0064721
9.0140429
9.0136951
9.0079836
9.0012287
9.0008341
9.0069068
9.0144509
9.014083
9.0075689
9.0014093
9.0006068
9.0070807
9.0140161
9.013675
9.0075689
9.0017303
9.0006536
9.0071543
9.0143974
9.0133674
9.0071409
9.0011351
8.9999982
9.0068466
9.0141833
9.0138958
9.0072144
9.0012421
9.0010281
9.0072345
9.0143037
9.0135012
9.0074151
9.0013224
9.0010214
9.0074285
9.0143572
9.0135279
9.0074887
9.0015631
9.0012287
9.0073683
9.0140429
9.0136951
9.0072479
9.0012154
9.0010548
9.0074552
9.0143974
9.0134543
9.0072278
9.0010348
9.0006469
9.0075756
9.014598
9.0138155
9.0076023
9.0004462
9.0011351
9.0075957
9.0142101
9.0139493
9.0073148
9.0009947
9.0012889
9.0075087
9.01417
9.0136483
9.0071743
9.0013424
9.0018975
9.0074218
9.0142703
9.0140964
9.0075689
9.0017103
9.0012889
9.0070606
9.0143238
9.0137286
9.0075288
9.0013357
9.0010147
9.0074418
9.0141365
9.0141231
9.0072546
9.001115
9.0012287
9.0072613
9.0139626
9.013976
9.0074351
9.0012287
9.0014227
9.0077963
9.0145445
9.0147384
9.0079702
9.0015765
9.0017638
9.0078766
9.014598
9.0142168
9.0075957
9.0014963
9.0014561
9.0075823
9.0144776
9.0141165
9.0074953
9.0016033
9.0018574
9.007609
9.0145445
9.0143639
9.0071877
9.001824
9.001717
9.0075555
9.0145712
9.0145378
9.0075823
9.0019711
9.0018708
9.0071208
9.0146448
9.0146247
9.0078431
9.0021784
9.0014494
9.0068199
9.0146849
9.0147518
9.0079501
9.001844
9.0013959
9.0074218
9.0149993
9.0147251
9.0081441
9.0020714
9.0013892
9.0076358
9.0151799
9.0146916
9.0083782
9.0022052
9.0015297
9.0075823
9.01524
9.0147318
9.0086055
9.0019978
9.0014963
9.0076291
9.0149257
9.0148856
9.008532
9.0023791
9.0014093
9.0081441
9.0149926
9.0150394
9.0082912
9.0019644
9.001951
9.0082444
9.0153537
9.0153069
9.009047
9.0021717
9.0018507
9.0080438
9.0153203
9.0154474
9.0085387
9.002145
9.0014026
9.0077294
9.0153939
9.0152735
9.008746
9.0019443
9.0016902
9.0082511
9.0154607
9.0153069
9.008746
9.002252
9.0014427
9.0081574
9.0152735
9.0151464
9.0085119
9.0019644
9.0019243
9.0084651
9.0157216
9.0151999
9.0088396
9.0020848
9.0018306
9.008532
9.015755
9.0151197
9.0086055
9.0023055
9.0017571
9.0084317
9.0156881
9.0150394
9.0082711
9.0020313
9.0021316
9.008338
9.0156948
9.0151665
9.0086524
9.0023924
9.0018574
9.0086323
9.015541
9.0150728
9.008639
9.0019644
9.0020848
9.0083782
9.0156614
9.015133
9.0080304
9.0019845
9.0020781
9.0083313
9.015327
9.0150996
9.0082444
9.0023657
9.0020513
9.0082778
9.0152601
9.0145913
9.0082979
9.0019978
9.0019109
9.0076692
9.0150327
9.0145244
9.0080638
9.0023724
9.0016969
9.0081374
9.0147451
9.0147853
9.0080772
9.0019912
9.0017638
9.0076224
9.0149725
9.0148655
9.0081842
9.0023256
9.0014628
9.0075422
9.0149458
9.014491
9.0078766
9.0022787
9.0015364
9.0074084
9.0142569
9.0142703
9.00791
9.0017571
9.00163
9.0072144
9.0144308
9.0146849
9.0081775
9.002038
9.001737
9.0077695
9.014511
9.014277
9.0078297
9.0018975
9.0016501
9.0072813
9.014384
9.0139359
9.0075488
9.0016367
9.0013291
9.0071743
9.0146916
9.0144977
9.0077896
9.0017705
9.0018908
9.0078565
9.0146916
9.0144442
9.0077629
9.001824
9.0018842
9.0080705
9.0149591
9.0143706
9.0076759
9.0015096
9.0018173
9.0078231
9.015434
9.0141098
9.0070406
9.0010615
9.0014093
9.0075488
9.0146515
9.0138757
9.0071141
9.0010415
9.0012555
9.0077762
9.0148321
9.0141967
9.0073215
9.0009412
9.0010348
9.0076291
9.0145044
9.0141833
9.0073081
9.0008475
9.0006469
9.0074753
9.0146114
9.0143907
9.0075689
9.0009278
9.0006402
9.0077629
9.0147117
9.0142168
9.0075622
9.0010348
9.0012354
9.0076893
9.0146582
9.0146247
9.0076023
9.000901
9.0008743
9.0079167
9.0148455
9.0147318
9.0078231
9.0008877
9.0011217
9.0074151
9.0151397
9.0148521
9.0080304
9.001309
9.0006469
9.007375
9.0149859
9.0150327
9.007716
9.0010548
9.0011886
9.0075555
9.0150728
9.0149458
9.0079903
9.0009746
9.0012889
9.0075422
9.0143438
9.0144375
9.0076826
9.0014628
9.0014026
9.0076291
9.0143372
9.0143238
9.0078899
9.0015765
9.0016233
9.007696
9.0142837
9.0143773
9.008124
9.0016969
9.0016233
9.0070539
9.0139359
9.0138824
9.0071409
9.0019176
9.0017437
9.0075689
9.0142302
9.0140161
9.0073816
9.001844
9.0021049
9.007589
9.0143505
9.0142168
9.007482
9.0020179
9.0020647
9.007589
9.0149525
9.014384
9.0074084
9.0016634
9.0017036
9.0077829
9.0148856
9.0143238
9.0076157
9.0020915
9.001931
9.0079702
9.0149458
9.0143438
9.0074686
9.0019912
9.0021517
9.0075355
9.014598
9.0144308
9.0077294
9.0020447
9.0017571
9.0073616
9.0146783
9.0143974
9.0075221
9.0019377
9.0011552
9.0070138
9.0144575
9.0143372
9.0076425
9.0013826
9.0011284
9.0067128
9.0142235
9.0138356
9.0073616
9.001844
9.0014227
9.0074151
9.0144977
9.0143305
9.0077963
9.0018975
9.0012622
9.0074953
9.0147786
9.0144174
9.0076425
9.0015966
9.0011485
9.0072345
9.0146916
9.0144709
9.007482
9.001416
9.0010682
9.0071074
9.0148388
9.0145378
9.0075756
9.0020313
9.0017705
9.0079702
9.0148053
9.0145646
9.0078565
9.0018574
9.0017771
9.0081508
9.015006
9.0145779
9.0076625
9.0017705
9.0019912
9.0083046
9.0151665
9.0147585
9.0075555
9.0016701
9.0020714
9.007716
9.0147853
9.0144174
9.0076425
9.0015431
9.0019109
9.0082778
9.0153671
9.0146114
9.0076157
9.0016501
9.0023924
9.008124
9.0146649
9.0144375
9.0074552
9.0016501
9.0021316
9.0084383
9.0151263
9.014491
9.0074485
9.0015899
9.0019912
9.0085587
9.0147652
9.0143505
9.0078364
9.0015832
9.0019577
9.0084785
9.0151665
9.014277
9.0076425
9.0017771
9.0018842
9.0081307
9.0149525
9.014384
9.007482
9.0017036
9.0016835
9.0080571
9.0151197
9.014511
9.0076625
9.0015966
9.0016099
9.0078364
9.015006
9.01417
9.0078164
9.0018842
9.0014361
9.0080705
9.0151932
9.0146716
9.0078632
9.0013959
9.0017838
9.0080504
9.0153404
9.0143238
9.0080705
9.0013892
9.0012287
9.0077896
9.0150862
9.0143907
9.0076692
9.0012756
9.0012354
9.0081508
9.0150193
9.0148455
9.007803
9.0014494
9.0016367
9.0080036
9.0154273
9.0146247
9.0078431
9.0016233
9.0011886
9.0077963
9.0152935
9.0144509
9.0075087
9.0012087
9.0013157
9.0071342
9.0147451
9.0141231
9.0078565
9.0019845
9.0022854
9.0077562
9.0151063
9.0148923
9.0079234
9.0013558
9.0014427
9.0080438
9.0150327
9.0143171
9.0079568
9.0013357
9.0016701
9.0079167
9.0151932
9.0147652
9.0079769
9.0013558
9.0016166
9.0079903
9.0152267
9.0146849
9.0078632
9.0013625
9.0016233
9.0079234
9.0148455
9.0141499
9.0077294
9.0013625
9.0021517
9.008231
9.0152668
9.0150127
9.0079301
9.001523
9.0018641
9.0081641
9.0154674
9.014598
9.0080438
9.0016701
9.0015564
9.0082912
9.0151063
9.0148254
9.007696
9.0013558
9.001523
9.0081775
9.0150795
9.0145445
9.0075154
9.0011084
9.0014695
9.0079769
9.0149859
9.0148321
9.0078498
9.0013759
9.0013759
9.0080973
9.0151063
9.0147184
9.0077629
9.001008
9.0016969
9.0081909
9.0150595
9.0149324
9.0080638
9.001416
9.0013291
9.008124
9.01522
9.0147786
9.0078766
9.0010348
9.0013157
9.0080973
9.0150929
9.0147919
9.0080705
9.0013692
9.0016501
9.0086256
9.0156681
9.0149391
9.0083447
9.0016701
9.001222
9.0079367
9.0152267
9.0153002
9.008231
9.0016634
9.0017771
9.0082845
9.0154607
9.0157149
9.0083246
9.0015096
9.0014294
9.008017
9.01524
9.0154139
9.0080504
9.0014494
9.001737
9.0084116
9.0154541
9.0153471
9.0078766
9.0018039
9.001717
9.0081641
9.0149324
9.0153537
9.00791
9.0015899
9.002252
9.008124
9.0151732
9.0153471
9.0077963
9.0017103
9.0017838
9.0084718
9.0152534
9.0148187
9.0078832
9.0018775
9.0016367
9.0084785
9.0154474
9.0152668
9.0081909
9.0019109
9.0016033
9.008211
9.0150394
9.0153069
9.008338
9.0015966
9.0014494
9.0080906
9.0154139
9.0151799
9.0080371
9.0017036
9.0018106
9.0081508
9.0150595
9.015327
9.0079568
9.0018106
9.0017638
9.0083782
9.0153671
9.0149926
9.0079836
9.0014093
9.0015631
9.0081842
9.0154006
9.0151397
9.0077629
9.0013692
9.0018641
9.0076492
9.0151865
9.0149993
9.0078565
9.0015832
9.0015297
9.0081106
9.0151197
9.0147585
9.0080036
9.0013224
9.0015564
9.0076759
9.0155009
9.0149993
9.0079434
9.0014427
9.0015297
9.0076224
9.0152267
9.0148455
9.0081909
9.0016233
9.0014093
9.0077428
9.0153805
9.0151598
9.0084785
9.0015431
9.0013157
9.0076023
9.0151799
9.0150461
9.0084116
9.0017972
9.0013892
9.0077227
9.0150193
9.014404
9.0079903
9.001416
9.0009545
9.0076358
9.0149926
9.0146716
9.008124
9.0017838
9.0014427
9.0077762
9.015026
9.0149123
9.0081641
9.0015364
9.0015431
9.0078699
9.0153069
9.0150127
9.0083113
9.0020647
9.0016835
9.0076492
9.0154206
9.0150394
9.0079501
9.0017771
9.0017972
9.0080438
9.0150127
9.0151665
9.0078832
9.0016099
9.0015498
9.0077896
9.01524
9.0148254
9.0079969
9.0014628
9.0015564
9.0080705
9.0148521
9.0148254
9.0081775
9.0017303
9.0015431
9.0078498
9.0148053
9.0151732
9.0081909
9.0016434
9.0013892
9.0076625
9.014812
9.014705
9.0077963
9.0014294
9.0018039
9.0079836
9.0147585
9.0147986
9.0080638
9.0016033
9.0021182
9.0080237
9.0152735
9.0147853
9.0089399
9.0015163
9.0015297
9.0079702
9.0150127
9.0153537
9.008211
9.0015832
9.0016501
9.0078699
9.0146916
9.0147919
9.0078297
9.0016835
9.0018708
9.0083648
9.014919
9.0146849
9.0077829
9.0013558
9.0017571
9.0084116
9.0154674
9.0152334
9.0080103
9.0014628
9.0017437
9.0088062
9.0154139
9.0152534
9.0078632
9.0013759
9.0022185
9.0087661
9.0156748
9.0154741
9.0077094
9.001008
9.0018975
9.0084985
9.0155811
9.0152066
9.0079234
9.0011217
9.0014294
9.0088062
9.0155544
9.0156614
9.0081106
9.0010281
9.0014896
9.0086189
9.0153872
9.0152668
9.0079434
9.0007606
9.001523
9.0082845
9.015541
9.0154607
9.0079836
9.0014227
9.0014695
9.0084651
9.0158754
9.0156146
9.0081508
9.0008943
9.001202
9.0083982
9.0154072
9.0152869
9.0082645
9.0008475
9.0011752
9.0082778
9.0154875
9.0153537
9.0082243
9.0008275
9.0012421
9.0081374
9.0159222
9.0157885
9.0087928
9.0013224
9.0013357
9.008124
9.0156146
9.0159022
9.0086323
9.0012822
9.0011418
9.0082511
9.0157149
9.0155544
9.0082645
9.0011552
9.0011284
9.008211
9.0154875
9.0159088
9.008532
9.001008
9.0011084
9.0083581
9.0153738
9.0157617
9.0084517
9.0013424
9.0013023
9.0082711
9.0157885
9.0155343
9.0086122
9.0014494
9.0011084
9.0082243
9.0158888
9.0156079
9.0086457
9.0013759
9.0015029
9.0079568
9.0155878
9.0158353
9.0087661
9.0012689
9.0009077
9.0080906
9.0155878
9.0157952
9.0086925
9.001416
9.0008275
9.0081374
9.0157952
9.0158018
9.0084718
9.0013291
9.0011886
9.0078364
9.0154741
9.0158754
9.0084183
9.0013759
9.0010348
9.0075422
9.0157149
9.0158219
9.0085587
9.0011284
9.0009211
9.0078565
9.0154407
9.015434
9.0083046
9.0009813
9.0005265
9.007609
9.0151531
9.0152534
9.0082979
9.0009612
9.0003526
9.0075622
9.0152066
9.0152802
9.0081173
9.001309
9.0007338
9.0071944
9.0149257
9.0149725
9.0079836
9.0014093
9.0009412
9.0070339
9.0149123
9.0151865
9.0083782
9.0014026
9.0010147
9.0074753
9.0149324
9.0154206
9.0080504
9.0012822
9.0009612
9.0073215
9.0147451
9.0147117
9.0077094
9.0010816
9.0008007
9.0070472
9.0146649
9.0148187
9.0079367
9.001115
9.0007606
9.0071008
9.0149257
9.0151397
9.0079836
9.001309
9.0007271
9.0069871
9.014705
9.0152668
9.008231
9.0012354
9.0011017
9.0071609
9.014511
9.0150996
9.0082377
9.0014963
9.001309
9.0076692
9.0150327
9.0154541
9.0084651
9.0018908
9.0014427
9.0074485
9.0149458
9.0151732
9.0081842
9.0015431
9.0013023
9.0078899
9.0147117
9.0150929
9.0083514
9.0015966
9.0019377
9.0076157
9.0149123
9.0154474
9.0083782
9.0018708
9.0017905
9.0076826
9.0151598
9.0152267
9.0080036
9.0019978
9.0019377
9.0077094
9.0149257
9.0152534
9.008211
9.0019377
9.0019176
9.0074017
9.0149993
9.0153203
9.0083113
9.0022185
9.0019978
9.0072412
9.0150795
9.0153002
9.0083514
9.002359
9.0017036
9.0071141
9.0150795
9.0150862
9.0082645
9.0024526
9.001416
9.0071609
9.0152534
9.0148321
9.0080371
9.0019577
9.0013424
9.0072947
9.0149993
9.0153002
9.0085989
9.0023991
9.0014695
9.0074485
9.0154407
9.0152334
9.0086055
9.0020045
9.0014361
9.0075087
9.0151531
9.0152935
9.0084718
9.0019243
9.0016835
9.0071944
9.0151263
9.0151665
9.0083782
9.0017972
9.0011084
9.0075422
9.014899
9.0150795
9.0085855
9.0019711
9.0012889
9.0075154
9.0152267
9.0151464
9.008425
9.0014361
9.0011953
9.0077495
9.0153671
9.0149591
9.0081976
9.0012154
9.0011619
9.0078498
9.0150862
9.0150127
9.0083715
9.0016033
9.0013692
9.008124
9.0152668
9.0150662
9.0079903
9.0013892
9.0011886
9.0078565
9.0150862
9.015026
9.0078766
9.0011552
9.0016033
9.0078832
9.0148856
9.014384
9.0074686
9.001222
9.001523
9.0078966
9.0148388
9.0144509
9.0080705
9.0010214
9.0012354
9.0077695
9.0149123
9.0145512
9.007696
9.0013959
9.0015698
9.0075555
9.0151999
9.0146314
9.0078899
9.0016099
9.001523
9.007803
9.0149792
9.0146582
9.0078832
9.0016969
9.0015698
9.0076157
9.014919
9.014705
9.0081106
9.0015364
9.0014494
9.0079568
9.0147384
9.0146849
9.0081909
9.0018173
9.001008
9.0075756
9.0144107
9.0147184
9.0081173
9.001523
9.0008208
9.0073482
9.0147919
9.0145378
9.0083046
9.0014561
9.0011284
9.0072746
9.0144575
9.0145177
9.008425
9.0017771
9.0008609
9.0071543
9.0147719
9.0147919
9.008338
9.00163
9.00058
9.0071676
9.0144709
9.0147853
9.0083246
9.0017838
9.0006603
9.0074485
9.014705
9.0147652
9.0084918
9.001737
9.0004931
9.0071676
9.0142101
9.0147117
9.0081106
9.001523
9.0007138
9.0071476
9.0147585
9.0146381
9.0082511
9.0012488
9.0001787
9.0070673
9.0147585
9.0144776
9.0079367
9.0013491
9.0004529
9.0069737
9.0146582
9.0145779
9.0082511
9.001309
9.0004797
9.0070205
9.0145779
9.0142435
9.0080839
9.0015163
9.0005198
9.0069402
9.0145512
9.0141031
9.0078832
9.0010615
9.0006068
9.0069937
9.014705
9.0145646
9.0079501
9.001222
9.000774
9.0067931
9.0149056
9.0143505
9.0080705
9.0014361
9.0004797
9.0065122
9.0145646
9.014491
9.0080438
9.0016701
9.0007405
9.006432
9.0144575
9.0139961
9.0080638
9.0016166
9.0004797
9.0064988
9.0144174
9.0142502
9.0083113
9.0013625
9.000473
9.006666
9.0141231
9.0141031
9.008124
9.0014561
9.0004998
9.0067864
9.0147919
9.0147719
9.0084183
9.0013826
9.0003192
9.0067195
9.0142034
9.0140763
9.0081976
9.0014695
9.0000383
9.006345
9.0141566
9.0142101
9.0080839
9.0012154
9.0001787
9.0067329
9.0141833
9.0144776
9.0082578
9.0016701
9.0002523
9.0064119
9.0142636
9.0146448
9.008532
9.0008074
8.9998109
9.00583
9.0134945
9.0145913
9.0082444
9.0012756
9.0002189
9.0065122
9.01419
9.013675
9.0078431
9.001202
9.0007205
9.0071275
9.0147318
9.0148254
9.0080438
9.0010749
9.0003994
9.0071141
9.0142168
9.0148187
9.0083514
9.0011418
9.0003794
9.0073348
9.0150528
9.0147318
9.008124
9.000901
9.0007673
9.0070071
9.0146783
9.0148789
9.0086724
9.0012087
9.0008877
9.0073683
9.0147719
9.0149859
9.0081574
9.0012354
9.0009947
9.007181
9.0143974
9.0147451
9.0081173
9.0010013
9.0007071
9.007375
9.0143907
9.0148655
9.0080839
9.0015431
9.0014494
9.0075689
9.0146515
9.0147518
9.0081775
9.0014294
9.0014829
9.0074485
9.014297
9.0147986
9.008017
9.0010883
9.0014628
9.0075488
9.0143974
9.0146649
9.0078565
9.0012822
9.0012689
9.0073081
9.0154006
9.0150662
9.0081441
9.0013558
9.0013625
9.0072011
9.014297
9.0150327
9.0080839
9.0013759
9.0011017
9.0072144
9.0144709
9.0148722
9.0081039
9.001222
9.0016166
9.0072813
9.0142368
9.0147518
9.0076625
9.0013291
9.001309
9.0071877
9.0074619
9.0145445
9.015006
9.0079367
9.0017103
9.0013491
9.0147853