13-jul-17 12:30:00 p.m.
8.9930093
8.992394
9.0028071
9.0150595
9.0139693
9.0033087
8.993444
8.9927752
9.0032819
9.0150996
9.0144442
9.003603
8.9935443
8.9925345
9.0031883
9.0156681
9.01419
9.0030412
8.9928822
8.9924408
9.0031281
9.0152334
9.0141165
9.0030412
8.993551
8.9928555
9.0031147
9.0151665
9.0145445
9.0032284
8.9927752
8.9926615
9.0027736
9.0150728
9.0137486
9.0022988
8.9934641
8.9932902
9.0026466
9.0148521
9.0137553
9.0020781
8.9937316
8.99323
9.0028405
9.0148321
9.0137553
9.002252
8.9935377
8.9932367
9.0032351
9.015133
9.013548
9.0025329
8.9930294
8.9932233
9.003302
9.0149324
9.0136416
9.0029007
8.9929023
8.9930829
9.0030144
9.0142368
9.013655
9.0025529
8.9930227
8.9931565
9.003516
9.0145846
9.0137954
9.002787
8.9935978
8.9932233
9.003088
9.0146381
9.0141165
9.0026064
8.9931899
8.992695
9.0028606
9.0146582
9.0136483
9.0023791
8.9925278
8.9926348
9.0029676
9.0147986
9.013869
9.0027603
8.9932568
8.9925479
9.002981
9.0151063
9.0139359
9.0029408
8.992588
8.9924676
9.0029676
9.0148187
9.0137486
9.0021049
8.9926549
8.9923205
9.0028071
9.0148254
9.0137754
9.0025463
8.9927084
8.9926281
9.002874
9.0148655
9.0145044
9.0032217
8.9930963
8.992501
9.003108
9.0152467
9.0146515
9.0033956
8.9933972
8.9925278
9.0025596
9.0149725
9.0143572
9.0035361
8.9931698
8.9924609
9.003409
9.0153002
9.0145311
9.0032217
8.9931899
8.9925278
9.0034625
9.0151464
9.0142569
9.0030077
8.9930227
8.9930628
9.0040243
9.0153604
9.0137754
9.0027603
8.9931163
8.9930361
9.003837
9.0154942
9.013869
9.00266
8.9928622
8.9927217
9.0036364
9.015327
9.0143639
9.0030077
8.9923071
8.9927686
9.0035494
9.0154875
9.0138422
9.0025998
8.992588
8.9927418
9.0034358
9.015327
9.0139894
9.0027536
8.9926749
8.9925813
9.0031214
9.0155477
9.0147652
9.0029676
8.9931096
8.9927151
9.0030345
9.0157751
9.0145044
9.0027603
8.9928822
8.9926549
9.0030679
9.0156413
9.0146047
9.0030077
8.9928822
8.9921131
9.003108
9.0161362
9.0146314
9.003409
8.9931297
8.9920797
9.0029877
9.0158353
9.0143907
9.0031883
8.9930695
8.992287
9.0025663
9.0157216
9.0144241
9.0029943
8.9932501
8.9925746
9.0029275
9.0158085
9.0145779
9.0032819
8.993658
8.992481
9.0027001
9.0158553
9.0143907
9.0035561
8.9934908
8.9926214
9.0027268
9.0153872
9.0144509
9.0032552
8.9930227
8.9923606
9.0028271
9.0156413
9.0145712
9.0030211
8.9929023
8.9927217
9.0026666
9.0155343
9.0146515
9.0030345
8.9932367
8.9924342
9.002981
9.0157283
9.0148521
9.0031348
8.9933103
8.9926816
9.002466
9.0156681
9.0144776
9.0027603
8.9932233
8.992588
9.0029208
9.0161831
9.0146649
9.0027937
8.9926549
8.9925278
9.0030412
9.0161362
9.0147585
9.0021584
8.9925211
8.9927351
9.0029007
9.0156146
9.0147652
9.0023657
8.9925412
8.9929291
9.0028873
9.0161362
9.0147251
9.0020447
8.9925479
8.9922937
9.0028205
9.0156146
9.0148053
9.0018373
8.9919794
8.992053
9.0024861
9.0159891
9.0150193
9.0025463
8.9918456
8.991966
9.0025463
9.0156079
9.0150461
9.0026533
8.9916851
8.9915514
9.0029074
9.0156079
9.0148187
9.0026265
8.9916316
8.9915915
9.0023724
9.0159624
9.0149993
9.0028807
8.9920998
8.9918791
9.0024392
9.0153404
9.0149257
9.0026533
8.9919393
8.9919459
9.0023189
9.0153537
9.015006
9.002466
8.9916383
8.9913307
9.0027603
9.0157751
9.0149926
9.0020313
8.9917721
8.9920396
9.0029208
9.0157483
9.0153069
9.0025931
8.9914778
8.991752
9.0028673
9.0159289
9.0151598
9.0024526
8.9912638
8.9918791
9.0031147
9.0157149
9.0152467
9.0023189
8.99113
8.9923205
9.0028873
9.0157082
9.0149926
9.0023724
8.991451
8.9924007
9.0030144
9.015434
9.015327
9.0026399
8.991752
8.9920195
9.0031615
9.0155744
9.0152935
9.0024459
8.9912237
8.992053
9.0033354
9.0158821
9.0152735
9.0022654
8.991217
8.9919861
9.0032686
9.0158888
9.0153337
9.0021584
8.9913975
8.9921733
9.0031482
9.0155678
9.0153136
9.0022854
8.991237
8.9921265
9.0031014
9.015434
9.015648
9.0025529
8.9913374
8.992394
9.0028271
9.0155678
9.0156146
9.0023657
8.9913173
8.9918189
9.0027268
9.015628
9.0156681
9.0026265
8.9914845
8.9916717
9.0029676
9.0157416
9.0158888
9.0030746
8.9916383
8.9925278
9.0030345
9.0160292
9.0163971
9.0027803
8.9915982
8.9921198
9.0022252
9.0161831
9.0166913
9.0031883
8.9917252
8.9918523
9.0028071
9.0164573
9.0170525
9.0038972
8.9919259
8.9919393
9.0023991
9.0157283
9.0161764
9.0031749
8.9917654
8.9916182
9.0025596
9.0160894
9.0166245
9.0034893
8.9916249
8.9920262
9.0026064
9.0156213
9.0164305
9.0028405
8.9916985
8.9915447
9.0029943
9.015842
9.0164773
9.003623
8.9916383
8.9915313
9.0025663
9.0155343
9.0163904
9.003302
8.9913975
8.9920128
9.0028071
9.0154607
9.0163302
9.0033622
8.9916316
8.991752
9.0025663
9.0153604
9.0164706
9.0031482
8.9909361
8.9915647
9.002767
9.0157149
9.0162432
9.0033689
8.9915514
8.9915447
9.0029743
9.0161563
9.0165108
9.0035294
8.9913842
8.9910297
9.0024526
9.0156815
9.0170258
9.0040577
8.9913708
8.990789
9.0025998
9.0159557
9.0169254
9.0040243
8.9917186
8.9906753
9.0022119
9.0158821
9.0165509
9.0043052
8.992073
8.9903676
9.0021115
9.0158219
9.0167716
9.0050275
8.9920663
8.9906753
9.0020112
9.0159423
9.0167248
9.0051345
8.9921934
8.9904612
9.0011953
9.0157216
9.0166111
9.0052014
8.9930026
8.9904077
9.001523
9.0151665
9.0166245
9.0055491
8.9927752
8.9906819
9.0012354
9.0152467
9.0170726
9.0053686
8.9929759
8.9903944
9.0013357
9.0154607
9.0164974
9.0054555
8.9933303
8.9903141
9.0011418
9.0150795
9.0166178
9.0052014
8.9933103
8.9911902
9.0011284
9.0151865
9.016377
9.0053619
8.9938386
8.9907221
9.0005934
9.0150929
9.0164706
9.005509
8.9941529
8.9906686
9.0004998
9.0149859
9.0159088
9.0058835
8.994581
8.9914644
9.0002657
9.0144977
9.0159155
9.0050609
8.9948685
8.9918858
8.999958
9.0142502
9.0157283
9.0048135
8.9948552
8.9922937
9.0006335
9.0145512
9.015541
9.0043587
8.9941998
8.9919861
9.0003526
9.0142368
9.0155276
9.0040042
8.9941329
8.9927151
9.000881
9.014491
9.0156681
9.0037635
8.9941061
8.9920329
9.0007205
9.0145579
9.0156547
9.0038838
8.994173
8.9919326
8.999958
9.0138088
9.0158018
9.0043186
8.9943803
8.9921466
9.0004462
9.0140295
9.0151464
9.0043119
8.9939991
8.9923138
9.0002055
9.0136215
9.0148655
9.0041915
8.9938587
8.9920596
9.0010749
9.0138757
9.0153872
9.004138
8.9935377
8.991859
9.0008341
9.0137352
9.0159088
9.0041045
8.9929959
8.991023
9.0008341
9.0142101
9.0155878
9.0047399
8.9934373
8.9909963
9.0009412
9.0142636
9.0157015
9.0050676
8.9934373
8.9907488
9.0001988
9.013976
9.0152601
9.0048068
8.9932434
8.9914778
9.0004596
9.0135012
9.0146849
9.0041447
8.9935243
8.9920329
9.0007606
9.0137219
9.0147318
9.0039975
8.9940392
8.9923472
9.0006669
9.0136684
9.0145044
9.0042316
8.9940994
8.9921934
9.0011752
9.0138958
9.0147719
9.0040042
8.9936982
8.9921533
9.0005867
9.013568
9.0148053
9.0036431
8.9935042
8.9917854
9.000473
9.0137152
9.014812
9.0039373
8.9934775
8.9918389
9.0009679
9.0134945
9.0145244
9.0033956
8.9940259
8.9924475
9.0006402
9.0136684
9.0144709
9.0030612
8.9938587
8.9919861
9.0003526
9.0141165
9.0143104
9.0034023
8.9938921
8.9918055
9.0004396
9.0135145
9.0142302
9.0033689
8.9943068
8.9917587
9.0001787
9.0138422
9.0142837
9.0035829
8.9942599
8.9921867
9.0002657
9.013762
9.0142837
9.0033421
8.9941128
8.9918389
9.0007606
9.0134677
9.0142636
9.0037835
8.9935711
8.9918256
9.0006201
9.0136617
9.0147184
9.0034291
8.9933638
8.9923405
9.0011485
9.0137553
9.0147919
9.0036698
8.9929625
8.9920797
9.0013759
9.0140696
9.0152601
9.0033622
8.9931431
8.9923004
9.0009345
9.0140094
9.0152735
9.0034023
8.9931029
8.9922937
9.0008877
9.0135078
9.0151865
9.0030746
8.9932568
8.9926014
9.0010749
9.013675
9.0146314
9.0034157
8.9931966
8.9920797
9.0013826
9.013762
9.0144375
9.0033689
8.9927886
8.9920262
9.001416
9.0136215
9.0142837
9.002894
8.9928087
8.9923539
9.001222
9.0136416
9.0142368
9.0024192
8.9927418
8.99218
9.0008275
9.0135279
9.0141298
9.0028405
8.9928421
8.9921533
9.0012822
9.0141633
9.0146181
9.0035561
8.9929625
8.9922335
9.0014762
9.0139158
9.0144308
9.003108
8.9929424
8.9922803
9.0014963
9.0135948
9.0146582
9.003001
8.9929157
8.9922536
9.0009612
9.0133808
9.0142302
9.0030746
8.9929558
8.9919058
9.0006469
9.0135413
9.0145646
9.0034224
8.9933303
8.9921065
9.0007338
9.0133875
9.014491
9.0033956
8.9933905
8.992374
9.000988
9.013247
9.0141098
9.0034291
8.9929893
8.9926415
9.0009947
9.013354
9.0142302
9.0034692
8.9933303
8.9926281
9.0014561
9.0133139
9.0140897
9.0031615
8.9932568
8.9928287
9.0018039
9.0137085
9.0141766
9.0033488
8.9927418
8.9927485
9.0019042
9.013441
9.0143706
9.0030679
8.9924475
8.9929491
9.0016768
9.0133206
9.0146448
9.003603
8.9930294
8.99218
9.0014361
9.0134276
9.014491
9.0040778
8.9933303
8.9924944
9.0016969
9.0136483
9.0143572
9.003944
8.9930227
8.9923472
9.0015698
9.0136349
9.0144375
9.0035561
8.9932166
8.9926749
9.0019978
9.0133005
9.01417
9.0032953
8.9927284
8.992374
9.0018373
9.0136684
9.0145445
9.0034157
8.9926682
8.9923205
9.001951
9.0140696
9.0147117
9.0037434
8.9927886
8.992287
9.0018507
9.0144977
9.0143773
9.0035428
8.9932033
8.992073
9.0016969
9.0141499
9.0143974
9.0035561
8.9930963
8.9918791
9.0013826
9.0141967
9.0139894
9.0036765
8.9937049
8.9921666
9.0016568
9.0145044
9.0142435
9.00371
8.9935978
8.9920262
9.0016835
9.0146515
9.0146448
9.0042651
8.9937784
8.9921934
9.0009144
9.0143372
9.0142235
9.0036364
8.9935443
8.9916517
9.0010214
9.0139091
9.0143438
9.0037166
8.9930428
8.9918389
9.001115
9.0145579
9.0147117
9.0038838
8.9938587
8.9917921
9.0012889
9.0143706
9.0144575
9.0038237
8.993852
8.9913574
9.0011485
9.0144977
9.0150127
9.0039909
8.9938252
8.9918991
9.0009278
9.0140161
9.0146181
9.0038772
8.9940125
8.9914243
9.0008074
9.0146314
9.0142435
9.0038571
8.9942733
8.9917319
9.0010281
9.0145646
9.0142837
9.003603
8.9936714
8.9914845
9.0010816
9.0148588
9.0139894
9.0032886
8.9928889
8.9917988
9.0016501
9.0150929
9.0145846
9.0039039
8.9932835
8.9913039
9.0014427
9.0152735
9.0147719
9.0032686
8.9927217
8.9911167
9.0013759
9.0151531
9.0148722
9.003108
8.992394
8.9915714
9.0020714
9.0155343
9.0149591
9.0031281
8.9925345
8.9917119
9.0019443
9.0155544
9.0149859
9.003623
8.9929625
8.9917453
9.002165
9.0153671
9.0152267
9.0033087
8.9923405
8.9916116
9.0017972
9.0157684
9.0154139
9.0029208
8.9916918
8.99111
9.0015498
9.0152869
9.0151665
9.0031281
8.9922001
8.9913039
9.0018106
9.0156815
9.0153939
9.0031682
8.9922202
8.9903743
9.0013625
9.0147853
9.0153337
9.0035695
8.9921867
8.9908893
9.0014294
9.0150795
9.0152668
9.0031749
8.9917052
8.9906017
9.0011084
9.0148789
9.0151598
9.0035361
8.9922803
8.9908224
9.0008743
9.015434
9.0154273
9.00371
8.9922001
8.9909762
9.0012488
9.0147585
9.0153872
9.0025195
8.9919526
8.9904612
9.0012889
9.0151263
9.0153939
9.0035494
8.9917587
8.9905616
9.001095
9.015133
9.0159757
9.0034826
8.9917988
8.9903676
9.001008
9.0147117
9.0156547
9.0036431
8.991859
8.9905014
9.001115
9.0150728
9.0164439
9.0037033
8.9916182
8.9904813
9.0017638
9.0149859
9.0159423
9.0037233
8.9919393
8.9908291
9.0007338
9.0151799
9.0166312
9.0038103
8.991859
8.9905616
9.0008877
9.0147986
9.0163369
9.003924
8.9922001
8.9908425
9.0006402
9.0151932
9.0169789
9.0035561
8.9922268
8.9910698
9.0007271
9.0153872
9.0163503
9.0038036
8.9929625
8.9908558
9.0006402
9.0149658
9.0163569
9.0044055
8.9934908
8.990809
9.0002791
9.0151197
9.0163034
9.0041915
8.9928555
8.9908425
9.0010281
9.0150662
9.0164238
9.0039708
8.9931096
8.9912571
9.0004596
9.0147986
9.0164105
9.0040644
8.9926615
8.9908023
9.0003593
9.0148321
9.0161296
9.0043119
8.9925813
8.9905816
9.0006937
9.0148655
9.0167181
9.0047466
8.9925278
8.990167
9.0008475
9.015026
9.016464
9.0046931
8.9927619
8.9904546
9.0005131
9.0148655
9.01627
9.0048202
8.992501
8.9901269
9.0004797
9.014705
9.0164105
9.004974
8.9920797
8.9895517
9.000172
9.0151799
9.0164506
9.0054488
8.9925144
8.9899128
9.0006603
9.0148588
9.0169923
9.0052883
8.9928221
8.9895116
9.0001988
9.0150127
9.016591
9.0055893
8.9930561
8.9894447
9.0002389
9.0149859
9.0164372
9.0053819
8.9928889
8.9900198
9.0000784
9.0148722
9.0168385
9.0052147
8.9929424
8.989866
9.0001319
9.0146582
9.0168385
9.0056628
8.9931698
8.9898995
9.0003192
9.0149458
9.0166044
9.0059839
8.9933036
8.9904144
8.9999714
9.0142636
9.0163904
9.00581
8.9940392
8.9903275
8.999637
9.0144642
9.0165308
9.0062781
8.9942666
8.9901202
8.9994765
9.0146247
9.0165509
9.005723
8.9943469
8.9905147
8.9995835
9.0144709
9.016591
9.0056829
8.9941195
8.9909495
8.9994497
9.0139292
9.0162098
9.006131
8.9945609
8.9907756
8.9997708
9.0141365
9.0165041
9.0060374
8.9947816
8.9909762
8.9994163
9.0136884
9.0167382
9.0059972
8.9940727
8.9911568
8.9993561
9.0141165
9.0165375
9.0060842
8.9944405
8.9913975
8.9997574
9.0139493
9.0166913
9.0060708
8.9946813
8.9909695
8.9994832
9.0140897
9.0164773
9.0064253
8.9945475
8.9919861
9.0008007
9.0136149
9.0168318
9.0069001
8.9951896
8.9917587
9.0000784
9.0148321
9.017534
9.0071676
8.9956376
8.991966
9.0003058
9.0138222
9.0160827
9.0058902
8.9951026
8.991451
8.9996972
9.0136282
9.0159557
9.0051612
8.9943268
8.9911167
8.9991956
9.0136282
9.0162834
9.0053819
8.9946813
8.9917252
8.9987542
9.0134878
9.0162499
9.005081
8.9944338
8.9918122
8.9991354
9.0136617
9.0161764
9.0054756
8.9942733
8.9913574
8.999229
9.0131935
9.0159289
9.0053552
8.9935577
8.9910498
8.9992023
9.0126986
9.0158888
9.0053819
8.9934373
8.9907488
8.9987676
9.0130999
9.0161563
9.0057097
8.9936514
8.9911568
8.9993361
9.0130464
9.0164773
9.0056361
8.993959
8.9908224
8.9989548
9.0128257
9.0158888
9.0055425
8.9940593
8.9905549
8.9987876
9.0129461
9.0158085
9.0053552
8.9945208
8.9908759
8.9990418
9.0128925
9.0154006
9.0051211
8.9932501
8.9911835
8.9991154
9.0126451
9.0153939
9.0048268
8.9934039
8.9910765
8.99953
9.0132002
9.0151063
9.0049004
8.9933504
8.9905014
8.9993227
9.0136149
9.0155343
9.0055625
8.9933771
8.990167
8.9989415
9.0131333
9.0155076
9.0056026
8.9937517
8.9897256
8.9983931
9.0123709
9.015628
9.0054288
8.9941396
8.9903342
8.9985001
9.0120365
9.0140362
9.0053953
8.994387
8.9910163
8.998674
9.0120365
9.0146783
9.0050542
8.9943937
8.9910832
8.9994163
9.0122906
9.014404
9.0050609
8.9939991
8.9904813
8.9993962
9.0122773
9.0146916
9.0045995
8.9937115
8.9905348
8.9990418
9.0118626
9.0146047
9.0052214
8.9937383
8.9899597
8.9984332
9.0113209
9.0142101
9.0053953
8.9943068
8.9910096
8.9990552
9.0120365
9.0142235
9.0047065
8.9945743
8.9916116
8.9991755
9.0119562
9.014063
9.0051412
8.9952431
8.9917252
8.9989883
9.011876
9.0143037
9.0045727
8.9947415
8.9915848
8.9990418
9.0118425
9.0146649
9.0046797
8.994815
8.9916182
8.9998109
9.0122438
9.0141499
9.0048937
8.9948619
8.9916383
8.9997507
9.0120298
9.0142837
9.0046998
8.9943335
8.9921867
8.9994832
9.011468
9.0139693
9.004653
8.9947883
8.9920663
8.9996504
9.0117623
9.0141165
9.0048803
8.9948685
8.9925345
9.0002055
9.0121702
9.0142368
9.004867
8.9941864
8.9925947
9.0001319
9.0122906
9.014384
9.0044389
8.9940526
8.9926014
9.0003392
9.0121769
9.0142502
9.0047399
8.9943335
8.9927485
9.0002456
9.0121234
9.0143438
9.0046864
8.9947682
8.9923472
8.9996771
9.0120565
9.0139493
9.0047131
8.9941463
8.9921533
9.000259
9.0121101
9.0136951
9.0041781
8.9940259
8.9926014
9.0006068
9.0120231
9.0137085
9.0039039
8.9943201
8.9927953
9.0003125
9.0119161
9.0136684
9.0036966
8.9939189
8.9928889
9.0007271
9.0126183
9.0138155
9.0038571
8.9936246
8.9919326
9.0008275
9.0125247
9.0136149
9.0035896
8.9934106
8.9923272
9.000473
9.0128457
9.0141766
9.0040444
8.993959
8.9922603
9.0007673
9.012839
9.0137954
9.0042784
8.9935644
8.992267
9.0008542
9.0126718
9.0137219
9.0037166
8.9939189
8.9920931
9.0006001
9.0129862
9.0140362
9.0038303
8.9941262
8.9922603
9.0004998
9.0127387
9.0131734
9.0033555
8.9934775
8.9917988
9.0002924
9.012819
9.013762
9.0036565
8.9938854
8.9922737
9.0004596
9.0130999
9.013655
9.0031147
8.9942867
8.9926816
9.001115
9.0130865
9.0139559
9.0029943
8.9942666
8.992695
9.0005131
9.0134677
9.0137687
9.002874
8.9939122
8.9928221
9.000794
9.0133808
9.0140228
9.0032552
8.9940125
8.9926749
9.000172
9.01314
9.0142168
9.0036899
8.9945275
8.9925947
9.0004864
9.0133139
9.0135012
9.0034224
8.9939991
8.9923673
9.0012889
9.0134209
9.013976
9.0034157
8.9933103
8.9924141
9.0014829
9.0139493
9.0143639
9.0032686
8.9934307
8.9925746
9.0018173
9.0139827
9.0142903
9.0025931
8.9925144
8.9924074
9.001717
9.0141967
9.0146448
9.003603
8.9929224
8.9919794
9.0020915
9.0144241
9.0146047
9.0029408
8.9921934
8.9919326
9.0023389
9.0146783
9.0144843
9.002894
8.9919459
8.9919125
9.0019978
9.0143238
9.0141566
9.0023456
8.9922268
8.9912504
9.0015297
9.0149792
9.0140897
9.0026934
8.9923539
8.9916049
9.0022185
9.0146247
9.0142168
9.0026332
8.9920396
8.9920463
9.0020513
9.0146448
9.0140362
9.0016568
8.9919459
8.9915313
9.0015698
9.0148187
9.0141833
9.0016701
8.9914845
8.9907555
9.0009813
9.0149725
9.0146314
9.0022721
8.9920864
8.9907421
9.000881
9.0143706
9.0143372
9.0028673
8.9918791
8.9907823
9.0008074
9.0141566
9.0143505
9.0027736
8.9917186
8.9915179
9.0008275
9.0138356
9.014511
9.0024727
8.9922068
8.9915514
9.0008877
9.0137085
9.0148321
9.0024459
8.9922335
8.9912839
8.9998042
9.0137687
9.0142837
9.0022252
8.9920797
8.9905816
9.0004128
9.0141766
9.0144843
9.0024459
8.9917252
8.9901202
9.0002924
9.0139894
9.0147384
9.0029408
8.991451
8.9899195
9.0004329
9.0137219
9.0147585
9.002981
8.9914711
8.9904412
9.0002456
9.0139426
9.0143639
9.0023523
8.9914109
8.9902539
9.0007673
9.0142502
9.0146983
9.0024526
8.9910498
8.9908224
9.0010348
9.0146247
9.014812
9.0021316
8.9910765
8.9906886
8.9999848
9.0143907
9.0141298
9.0019176
8.9908358
8.9893444
9.0008208
9.0151531
9.0151865
9.0026867
8.9907488
8.9900065
9.0005265
9.0147986
9.0154006
9.0025396
8.9910297
8.9895651
9.0006536
9.0152267
9.0154541
9.0030345
8.9911702
8.9898192
9.0005064
9.015113
9.0155276
9.0029676
8.9911167
8.989331
9.0000316
9.0149926
9.01524
9.0028071
8.9912103
8.9889765
8.999724
9.0149591
9.0154474
9.0032752
8.9914979
8.9891504
8.9996905
9.0143907
9.0150528
9.0026466
8.9910297
8.9892775
9.0000115
9.0145779
9.0151531
9.0029342
8.9911167
8.9895785
9.0000115
9.0146649
9.0158286
9.0030412
8.9911167
8.98901
8.9993427
9.0139693
9.0152802
9.003195
8.9910565
8.9894113
8.9997306
9.0142435
9.0157283
9.0033154
8.9910364
8.9893243
8.9997106
9.013976
9.0158152
9.0030077
8.990809
8.9896654
8.9997173
9.0140563
9.0156748
9.0029208
8.990809
8.9894113
8.9995835
9.0143171
9.0162968
9.003409
8.9912571
8.9891437
8.9994364
9.0145177
9.0161229
9.0035561
8.9916116
8.9892842
8.9998978
9.0146381
9.0167716
9.0037501
8.9914176
8.9895584
8.9992558
9.0141566
9.0163034
9.0038705
8.9918991
8.9897858
8.9994163
9.0145244
9.0163101
9.0040912
8.9912772
8.9894915
8.9997306
9.0144843
9.0168385
9.0043252
8.9915581
8.9895718
8.9992826
9.0142502
9.0172531
9.0046128
8.9920864
8.989545
8.9987275
9.0141566
9.0170859
9.0042717
8.9919526
8.9895049
8.9984265
9.0139894
9.0172398
9.0047667
8.9925345
8.9894046
8.9982326
9.0139426
9.0166512
9.00478
8.9924877
8.9897323
8.9988746
9.0135145
9.0166245
9.0043921
8.9927552
8.9898527
8.9988813
9.0138021
9.0167248
9.004566
8.99216
8.9892441
8.999102
9.0134142
9.016892
9.0046061
8.9923606
8.9895183
8.9989281
9.0138088
9.0156146
9.0040644
8.9922937
8.9894648
8.9992023
9.013655
9.0164773
9.0050007
8.9923338
8.9895116
8.9996036
9.0130531
9.0162432
9.0046262
8.9925545
8.9895049
8.9986338
9.0138088
9.0164238
9.0050475
8.9923606
8.9890836
8.9987208
9.0139827
9.0162566
9.0051546
8.9924408
8.9886622
8.9986806
9.0137486
9.0165576
9.0055893
8.9921332
8.9880403
8.9978647
9.0135814
9.0170391
9.0058167
8.9931765
8.9886087
8.9974835
9.0131734
9.0161362
9.005703
8.9931498
8.9893912
8.9980052
9.0131601
9.0161697
9.0052883
8.993444
8.9893778
8.9984332
9.0129728
9.0161697
9.0051546
8.9931765
8.9890167
8.9981857
9.0137085
9.0162901
9.0053686
8.9934373
8.9886622
8.9977042
9.0134677
9.0166044
9.0060507
8.9936045
8.988368
8.9975571
9.0128725
9.0162901
9.0058835
8.9933504
8.9889632
8.9970354
9.0125448
9.0159289
9.0059638
8.9937851
8.9888227
8.9974033
9.0127789
9.0157751
9.0061644
8.9942198
8.9882008
8.9972427
9.0125648
9.0147384
9.0061644
8.9936246
8.9881138
8.9969752
9.0120833
9.0149391
9.0055157
8.9933771
8.9884215
8.997216
9.0115148
9.0146916
9.0048937
8.9932701
8.9893444
8.9972829
9.0115081
9.014899
9.0044323
8.9927886
8.9896788
8.9976574
9.0115148
9.014705
9.0042584
8.9928287
8.9891304
8.9977644
9.0119429
9.0144843
9.0048135
8.9929023
8.988796
8.9973431
9.0113543
9.0145445
9.0048603
8.9931565
8.9889164
8.9962931
9.01106
9.0143238
9.0046864
8.9937316
8.9890969
8.9961994
9.0109196
9.0142569
9.0052147
8.9944539
8.9892441
8.9968548
9.0109597
9.0137954
9.0052682
8.9943469
8.9895651
8.9972628
9.0108527
9.013869
9.0053686
8.9941061
8.9896921
8.9970622
9.0108594
9.0138757
9.0048469
8.9938587
8.9891906