13-jul-17 11:50:00 a.m.
9.0130798
9.0129461
9.0127722
9.0132136
9.012926
9.0130464
9.0126718
9.0125983
9.0132671
9.0132938
9.0131868
9.0132136
9.0130464
9.0132403
9.013461
9.0131601
9.0135413
9.0132871
9.0131199
9.0135012
9.0132136
9.0133674
9.013441
9.0132805
9.0135814
9.0134142
9.0132604
9.0129594
9.0131868
9.0132738
9.0133875
9.0136149
9.013354
9.0138489
9.0137821
9.0137419
9.0135881
9.0127187
9.0122371
9.0112139
9.0110935
9.0120298
9.0137219
9.0162633
9.017942
9.0176678
9.0147719
9.0106119
9.0066727
9.0051813
9.008017
9.0148187
9.0219214
9.0252588
9.0217074
9.0132336
9.003924
8.9981389
8.9999982
9.0099431
9.0224565
9.0311243
9.0299471
9.0191592
9.00581
8.9947549
8.9916517
8.9991154
9.0149123
9.0302147
9.0345152
9.0267034
9.0122973
8.9972361
8.9892842
8.9924743
9.0071476
9.0253323
9.0350302
9.0309972
9.0182095
9.00268
8.9912705
8.989846
8.9995434
9.0177213
9.0325823
9.033833
9.0245632
9.0096957
8.9952966
8.9886823
8.9932835
9.0085186
9.0268104
9.0349833
9.0297398
9.0163636
9.0005934
8.9895785
8.9889164
9.0005131
9.0200554
9.0340135
9.0341808
9.0232457
9.0070606
8.9927886
8.9868899
8.9931297
9.0106053
9.0292315
9.0365551
9.0297532
9.0144442
8.9979583
8.9873648
8.9878998
9.0014494
9.0216873
9.0353445
9.0340871
9.0211389
9.0041647
8.9896721
8.9848167
8.9924676
9.0114546
9.0296529
9.0350235
9.0258875
9.0101237
8.9943402
8.9848702
8.9872778
9.0021049
9.0229112
9.0345018
9.0315189
9.0175608
9.0007405
8.9879199
8.9843686
8.9939055
9.013762
9.0308233
9.0342008
9.0239813
9.0069336
8.9915848
8.9832317
8.9869234
9.0022721
9.0220351
9.0329836
9.0282417
9.0138021
8.9964536
8.9842215
8.9818875
8.9926615
9.0121368
9.0291379
9.0318265
9.0206039
9.0038772
8.9888829
8.9807439
8.9860807
9.0031214
9.0230918
9.0323883
9.0269776
9.0121234
8.9949354
8.9830846
8.9816735
8.9931698
9.0137286
9.0296061
9.0311376
9.0191459
9.0028673
8.9871307
8.9801018
8.9851177
9.0022988
9.0227976
9.0318065
9.0258406
9.0106119
8.993531
8.9813792
8.9807439
8.9927485
9.0135881
9.0296462
9.0303819
9.0184236
9.0012087
8.9866224
8.9797006
8.986268
9.0042249
9.0237539
9.031773
9.0245565
9.0093011
8.9922068
8.9813591
8.9814662
8.99533
9.0159155
9.0300608
9.0283353
9.0153471
8.9976173
8.9836597
8.9790117
8.9870304
9.005917
9.0246033
9.0296462
9.0207309
9.0045794
8.9883345
8.9789449
8.9810716
8.9962262
9.0172465
9.0295124
9.0264693
9.0122037
8.9951361
8.9820747
8.9785235
8.9881874
9.0080237
9.0261483
9.030208
9.020022
9.0031749
8.9873982
8.9786305
8.9821082
8.9982125
9.0188382
9.0305825
9.0260547
9.0122304
8.9947348
8.9813725
8.9776541
8.9879734
9.0081574
9.0262954
9.0301679
9.020216
9.0034358
8.9865556
8.9776006
8.9820547
8.9990619
9.0193799
9.030208
9.0261884
9.0116352
8.9942198
8.9822152
8.9807238
8.9922001
9.0122037
9.028857
9.0318131
9.02043
9.0034558
8.9871307
8.9808308
8.9868298
9.0040845
9.0231654
9.0318131
9.0252989
9.0096154
8.9933236
8.9823088
8.9819009
8.9944606
9.0141432
9.0296462
9.0301277
9.0179955
9.0008609
8.9868298
8.9809646
8.9878062
9.005917
9.025446
9.0327361
9.024824
9.0095887
8.9930227
8.9822954
8.9834524
8.9982058
9.0182898
9.0316393
9.0299471
9.0171662
9.0006603
8.9862613
8.9816267
8.989866
9.0087861
9.0275595
9.032609
9.024182
9.008746
8.992802
8.9824292
8.9844088
8.999209
9.0200889
9.0319335
9.0297733
9.0169455
9.0001185
8.9865489
8.9824626
8.991324
9.0105517
9.0288235
9.0333849
9.0242689
9.0079903
8.9916918
8.9822219
8.9867562
9.0024928
9.0229447
9.0341941
9.0302481
9.015949
8.9978179
8.9841814
8.9818875
8.9940125
9.0149391
9.0318065
9.0340938
9.0224631
9.0050944
8.9886422
8.9818407
8.9878664
9.0056628
9.0249311
9.0344148
9.0285426
9.013334
8.9948351
8.9832384
8.9838403
8.9969017
9.0177481
9.0324619
9.033017
9.0206507
9.0028138
8.9882409
8.9826699
8.9897657
9.0078699
9.0266833
9.0340671
9.0273455
9.0116486
8.9941463
8.9831782
8.9846562
8.998888
9.019079
9.0328231
9.03188
9.0193532
9.001737
8.9871909
8.9824493
8.9908558
9.0097425
9.0279808
9.0342476
9.0267235
9.0103645
8.9924208
8.9821149
8.9849237
8.9997841
9.0197612
9.0327562
9.031238
9.0187178
9.0009478
8.9866893
8.9823623
8.9917921
9.010953
9.0293185
9.0340135
9.0252855
9.0091339
8.9928221
8.9839072
8.9865556
9.0014829
9.0218746
9.0334049
9.0301277
9.0162901
8.9988478
8.9855189
8.9829308
8.9930628
9.012498
9.0298803
9.0327294
9.0234262
9.0067463
8.9905683
8.9825763
8.986997
9.0040778
9.0242823
9.0338263
9.0289907
9.0143438
8.9967077
8.9843419
8.9832718
8.9953634
9.0150528
9.0311109
9.0319135
9.0206105
9.003924
8.9888227
8.9820012
8.9880001
9.0059437
9.0254527
9.0334852
9.0269308
9.011876
8.9945342
8.983225
8.9834725
8.9961861
9.0164974
9.0311376
9.0312446
9.0188048
9.0018039
8.9866826
8.9813859
8.9886154
9.0066593
9.0252788
9.0328431
9.0252053
9.0096622
8.9925211
8.9819878
8.9835059
8.9969552
9.0175407
9.0310708
9.0296127
9.017407
9.0001119
8.9854855
8.9802757
8.9888428
9.0080705
9.0265362
9.0322947
9.0234129
9.0073683
8.9903542
8.9801219
8.9830846
8.9987275
9.0186777
9.0314854
9.0284958
9.0149926
8.9975303
8.9835929
8.9799547
8.990187
9.0098829
9.0274926
9.0318332
9.0218478
9.0049071
8.9889297
8.9796872
8.9837066
8.9997306
9.0203965
9.0315256
9.027613
9.0133607
8.9958583
8.9825028
8.9803426
8.9912571
9.0112741
9.0282082
9.0310774
9.0205437
9.003623
8.9872845
8.9789382
8.9845492
9.0018507
9.0215068
9.0313115
9.0267569
9.0123642
8.994474
8.9823422
8.9806569
8.9930762
9.0125782
9.0290175
9.0302682
9.0191325
9.0017771
8.9865556
8.9797808
8.986054
9.0037969
9.0231119
9.031666
9.0247505
9.0101505
8.9927752
8.9808174
8.9810047
8.9947482
9.0151197
9.0299538
9.0298
9.0170993
9.0005332
8.9858333
8.9798745
8.9872645
9.0059437
9.0249645
9.0320138
9.024182
9.0080237
8.9919259
8.9811451
8.9821349
8.996079
9.0162834
9.0304956
9.0285293
9.0162299
8.9994832
8.9849705
8.9795267
8.9885084
9.0074686
9.0257537
9.0313517
9.0230718
9.0079635
8.9909628
8.9804162
8.9828706
8.9983061
9.0189787
9.0311243
9.0284022
9.0152534
8.9980787
8.9842015
8.9802155
8.9900332
9.0104849
9.027399
9.0312313
9.0218947
9.0050542
8.9888695
8.9803694
8.9840543
9.0002322
9.0212459
9.0317195
9.0278069
9.0138422
8.9957045
8.9828037
8.9807305
8.9915313
9.0117422
9.0284356
9.0312513
9.0206908
9.0040711
8.9874317
8.9798745
8.9850709
9.0020045
9.0227976
9.0327361
9.026777
9.0124043
8.9946947
8.9817537
8.9805499
8.9937115
9.0144442
9.0303417
9.0313383
9.0203163
9.0026533
8.9863884
8.9803292
8.9872177
9.0055224
9.0245966
9.0323415
9.0254527
9.0106387
8.9933638
8.9821817
8.9823891
8.9960724
9.0170191
9.0312179
9.0311911
9.0185439
9.0013424
8.9858935
8.9807907
8.9898125
9.0077094
9.0268907
9.0334919
9.0256066
9.0092142
8.9920463
8.9815999
8.9828773
8.9981389
9.0196876
9.0326157
9.0303752
9.017213
8.9990886
8.9851779
8.9806502
8.9907488
9.0100903
9.0281882
9.0326023
9.0241619
9.0076893
8.9907622
8.981513
8.9852581
9.0018975
9.0217275
9.0331775
9.0293185
9.0161429
8.9977042
8.983847
8.9813859
8.9925612
9.0128925
9.0300274
9.0324552
9.0229313
9.0061243
8.9888629
8.9808174
8.9856861
9.0030813
9.0232323
9.0330973
9.0283219
9.0141967
8.9961994
8.9837132
8.9818139
8.993765
9.0142502
9.0305424
9.0317329
9.0213262
9.0043252
8.9885485
8.9812856
8.9869301
9.0046195
9.0244495
9.0334785
9.0272451
9.0131601
8.9954504
8.9826499
8.9817337
8.9955173
9.0165643
9.0314119
9.0316393
9.0202026
9.0026198
8.9874718
8.9808509
8.9878129
9.0067195
9.0263891
9.0333648
9.0260747
9.0105183
8.9933303
8.9827836
8.983098
8.9967746
9.0184236
9.0319135
9.0306962
9.0178618
9.0006134
8.9862613
8.9807907
8.9892173
9.0082511
9.0271381
9.0328565
9.0239613
9.008552
8.9922603
8.9816935
8.9834925
8.9989816
9.0199016
9.0320606
9.0292382
9.0160159
8.9984265
8.9851311
8.9813926
8.990702
9.0104113
9.0284824
9.0323148
9.0226571
9.0063049
8.9904746
8.981426
8.9847432
9.0009345
9.0210185
9.0323214
9.0276866
9.0138289
8.9973832
8.9843285
8.9813926
8.9918189
9.0115817
9.0290576
9.0314988
9.0208446
9.00478
8.9888562
8.9813257
8.9854922
9.0016367
9.0224765
9.0323816
9.0268907
9.0122639
8.9949555
8.9828505
8.9811117
8.9928488
9.0132403
9.029392
9.0309236
9.0192127
9.0021851
8.9872979
8.9805165
8.9861476
9.0035762
9.0229848
9.0319536
9.0252655
9.0104447
8.9932835
8.9816668
8.9813056
8.9943402
9.0147318
9.0304287
9.0299338
9.0178216
9.0005399
8.9853451
8.9790853
8.9862546
9.0051412
9.0245231
9.0322746
9.023988
9.0087059
8.991431
8.9804362
8.9810114
8.9958383
9.0166713
9.030723
9.0291981
9.0157818
8.99848
8.9847833
8.9793929
8.9876323
9.0060507
9.0256601
9.0315657
9.0233326
9.0074084
8.9905214
8.9804697
8.9825295
8.9977778
9.0182229
9.0313383
9.0286496
9.0152267
8.9978647
8.9840811
8.9802557
8.9895985
9.008746
9.0269241
9.0314921
9.0221354
9.0066995
8.9894246
8.9803426
8.9837801
9.0000182
9.0208513
9.0323348
9.0279474
9.0145512
8.9970488
8.9831047
8.9805165
8.9913842
9.0123308
9.0292984
9.0320472
9.0213997
9.0041848
8.9881339
8.9802155
8.9852113
9.0025663
9.0229112
9.0332712
9.0272986
9.0126919
8.9953701
8.9819075
8.9808709
8.9933972
9.0145913
9.0305223
9.0317663
9.0202427
9.0025998
8.9864686
8.9792525
8.9862613
9.0046663
9.0248174
9.0326224
9.0260078
9.0104046
8.9926883
8.9805499
8.9809512
8.9956778
9.0166512
9.0310574
9.0303886
9.0181226
9.0005198
8.9850374
8.9796136
8.9871976
9.0072078
9.0263155
9.0327562
9.0247705
9.0087995
8.9905014
8.9802624
8.9822018
8.9983262
9.0194736
9.0325488
9.0296997
9.0162834
8.99848
8.9840476
8.9799146
8.9900734
9.0095352
9.028128
9.0325957
9.023346
9.0062982
8.9892173
8.9797273
8.9846228
9.0003392
9.0209784
9.0325087
9.0284891
9.0155143
8.9965138
8.983546
8.9807171
8.9919995
9.0118292
9.0299471
9.0321944
9.0213797
9.0050409
8.9878998
8.9804295
8.9852581
9.0030278
9.0232122
9.0327963
9.0276732
9.0134543
8.9949354
8.982155
8.9813324
8.9942599
9.0145846
9.0304688
9.0319402
9.0204166
9.0034358
8.9874584
8.9803025
8.9870371
9.0047131
9.0246769
9.0328364
9.0261416
9.011468
8.9937918
8.9817537
8.9829508
8.9961392
9.0163034
9.0315322
9.0309905
9.0191392
9.001824
8.9867161
8.9806636
8.9884816
9.0073148
9.0261684
9.0329969
9.025553
9.0099231
8.992394
8.9815865
8.9833454
8.997965
9.018156
9.0314988
9.0295258
9.0166646
8.999637
8.9857998
8.9815999
8.9904546
9.00896
9.0269308
9.0320606
9.023473
9.0078364
8.9914912
8.9815397
8.9840878
8.9991622
9.0198615
9.0318466
9.0284624
9.0154942
8.9978246
8.9843018
8.9806837
8.99111
9.0106721
9.0282952
9.0318131
9.0221421
9.0054622
8.9893176
8.9798812
8.9845024
9.0017103
9.0212259
9.0324351
9.0274725
9.013976
8.9963332
8.9827836
8.9807974
8.9921198
9.0123508
9.0294255
9.0315924
9.020945
9.0039909
8.9874919
8.9792124
8.9848769
9.00268
9.0229514
9.0326492
9.0263489
9.011896
8.9939791
8.981192
8.9809311
8.9938052
9.0147719
9.0304822
9.031044
9.0190656
9.0021182
8.9861275
8.9791187
8.9852648
9.0042851
9.0245097
9.0319135
9.0253658
9.0099164
8.9920329
8.9801888
8.9805901
8.9943268
9.0155209
9.030743
9.0301277
9.0179086
9.000366
8.9851712
8.9796939
8.9868364
9.005509
9.0254995
9.0320606
9.0244896
9.0090603
8.9915982
8.9799748
8.9816935
8.9971692
9.0179955
9.0312045
9.0291312
9.0165843
8.999316
8.9843887
8.9794866
8.9888695
9.0084985
9.0273321
9.0323148
9.022938
9.0062113
8.9892374
8.9793595
8.9820413
8.9979851
9.0198749
9.0316994
9.02875
9.0150996
8.9976039
8.9838804
8.9799748
8.9911233
9.0109932
9.0282216
9.032181
9.0223294
9.0055826
8.9890501
8.9795267
8.9835394
9.0011552
9.0217007
9.0325622
9.0279942
9.0140429
8.9959386
8.9824024
8.9800483
8.99216
9.0129929
9.0297264
9.0321074
9.0204969
9.0040042
8.9874049
8.9798812
8.9850241
9.0025931
9.0234597
9.0329568
9.0266031
9.0125113
8.9951427
8.9813792
8.9807706
8.9931498
9.0150193
9.0304688
9.0316192
9.0198816
9.0029943
8.9872444
8.9799748
8.9867428
9.0049673
9.0249177
9.0322412
9.02564
9.010418
8.9929625
8.9816467
8.9821483
8.9958182
9.0168786
9.0314386
9.0302214
9.0183968
9.001095
8.9857731
8.9800483
8.9883078
9.0073549
9.0262285
9.0328498
9.0247371
9.0093412
8.9922603
8.9809178
8.9823155
8.9980386
9.0193264
9.0317396
9.0302481
9.0170191
8.9995434
8.9845626
8.980142
8.9895049
9.0097224
9.028021
9.0328498
9.0234597
9.0084584
8.9906284
8.9805031
8.9840476
8.9998042
9.0212325
9.0326893
9.0289506
9.0154474
8.997858
8.9832986
8.9801487
8.991237
9.0120632
9.0300207
9.0331575
9.0232791
9.0064052
8.9889431
8.9800885
8.9850174
9.0026332
9.0233326
9.033017
9.028041
9.0136617
8.9952564
8.9818607
8.9803694
8.9932902
9.014511
9.03083
9.0325288
9.0212459
9.0036163
8.9872444
8.9796337
8.9860473
9.0049606
9.025319
9.03396
9.0277534
9.012605
8.9943736
8.9822085
8.9825964
8.9963533
9.0172866
9.0323482
9.0318198
9.019828
9.0022319
8.9867294
8.9805967
8.9887492
9.0074084
9.0271047
9.0340604
9.0261817
9.010826
8.9933972
8.9820012
8.9828639
8.997838
9.0186376
9.0324084
9.0310106
9.0188248
9.001095
8.9859537
8.9806436
8.9901068
9.0099833
9.0284958
9.0341808
9.0253925
9.0099164
8.9924676
8.9817069
8.9843151
8.9998376
9.0210854
9.0332444
9.030509
9.0170592
8.9999045
8.9853785
8.9811117
8.9907154
9.0111269
9.0291178
9.0327896
9.0233861
9.0081307
8.9911835
8.9811652
8.984703
9.0011685
9.0220752
9.0334718
9.0290376
9.0149725
8.9977711
8.9844757
8.981747
8.992608
9.0131333
9.0299471
9.0320673
9.022209
9.0053886
8.9889632
8.9811585
8.9863148
9.0027603
9.023453
9.0334852
9.0278805
9.0130664
8.9959854
8.9836731
8.9819343
8.9942867
9.014899
9.0306962
9.0314185
9.0198882
9.0031281
8.9875721
8.9807706
8.9867562
9.0046864
9.0245097
9.0326291
9.0260613
9.011147
8.9935845
8.9824827
8.9819945
8.9948619
9.0165108
9.0310708
9.0303284
9.0177949
9.0009813
8.9856126
8.980055
8.9881606
9.0068934
9.0257804
9.0324619
9.0237941
9.0084985
8.9915514
8.9807037
8.9826766
8.9967478
9.018136
9.0317663
9.0292449
9.0160493
8.9989883
8.984382
8.9801219
8.9893979
9.0080705
9.0266767
9.0322479
9.0227374
9.0067195
8.9901536
8.9799948
8.9825429
8.9983931
9.0196408
9.0316058
9.0285426
9.0145913
8.9971224
8.9833855
8.9799815
8.9901937
9.0096823
9.0275127
9.0314787
9.0213262
9.005081
8.9889431
8.9801152
8.9840476
9.0005064
9.0208848
9.03186
9.0273722
9.0128658
8.9965205
8.9835661
8.9813525
8.9921198
9.0117088
9.0280277
9.0305491
9.0197879
9.0039842
8.9888762
8.9810916
8.9854521
9.0013759
9.0215134
9.0317262
9.0264158
9.0121435
8.9953233
8.9824626
8.9810181
8.9934708
9.0136416
9.029372
9.0306227
9.0191659
9.0023322
8.9871374
8.980463
8.9859804
9.0034023
9.0238877
9.0320205
9.0254193
9.0110734
8.993444
8.98164
8.9816601
8.9945007
9.0154875
9.0304554
9.0306762
9.0183433
9.001737
8.9865689
8.9806101
8.9874584
9.0057431
9.0256467
9.0324285
9.024289
9.0096355
8.9922603
8.9811986
8.9822419
8.9965606
9.0178618
9.0321007
9.0303886
9.0177681
9.000045
8.9848769
8.9798143
8.9888629
9.00896
9.0276464
9.0326625
9.0240817
9.0080638
8.9909093
8.9807572
8.9832317
8.9993829
9.0209182
9.0329568
9.0289974
9.0159289
8.9979316
8.9837266
8.9801888
8.9907354
9.0111135
9.0293452
9.0325221
9.0226504
9.0058769
8.9891437
8.9801353
8.9843018
9.0018173
9.0229648
9.0334517
9.0285293
9.0145512
8.9965673
8.9832451
8.9806168
8.9928756
9.0141967
9.0310173
9.0323014
9.0214198
9.0047399
8.9882877
8.9801754
8.9862613
9.0043119
9.0253992
9.0340403
9.0276732
9.0129126
8.9944806
8.9823155
8.9817069
8.9953233
9.0171729
9.0325355
9.0317262
9.0195204
9.0023657
8.9867161
8.9806703
8.9880202
9.007288
9.0270913
9.0338397
9.0260814
9.0107858
8.9935443
8.9817069
8.983011
8.9976173
9.0194201
9.0328364
9.0299271
9.0180223
9.0003459
8.9852514
8.9802155
8.9895718
9.0092409
9.0280945
9.0336591
9.0251718
9.009174
8.9920463
8.9817403
8.9846094
9.0001052
9.0211456
9.0336189
9.0301612
9.016785
8.9986673
8.9852314
8.9813792
8.9916249
9.0121569
9.0295525
9.0330103
9.0231855
9.0072412
8.9907689
8.981319
8.985111
9.0022988
9.0232791
9.0337594
9.0285895
9.0145846
8.9972962
8.9841279
8.9812388
8.9930561
9.0140763
9.0310774
9.0324686
9.0217341
9.0049539
8.9890769
8.9807639
8.9858467
9.0037166
9.0241151
9.0331173
9.0270311
9.0125046
8.9950157
8.9825228
8.9817537
8.994494
9.015133
9.0312982
9.0317396
9.0195806
9.0026466
8.9870638
8.9798945
8.9872444
9.0059036
9.0252721
9.0325422
9.025339
9.0103444
8.9931698
8.9817203
8.9822954
8.9960924
9.0172398
9.031666
9.0301344
9.0176879
9.0001453
8.9852782
8.9803694
8.9887893
9.0076358
9.0268572
9.0324351
9.0239345
9.0085186
8.9918055
8.9807974
8.9825763
8.9980386
9.019293
9.0316593
9.0290576
9.0156413
8.9985937
8.984917
8.9804162
8.9897055
9.0091874
9.0273655
9.0315724
9.0224698
9.0070539
8.9905147
8.9807974
8.9832718
8.9993561
9.0202828
9.0324886
9.0281012
9.0144776
8.9973899
8.9835193
8.9803894
8.9903476
9.0115416
9.0294188
9.03186
9.0212459
9.0050676
8.9882409
8.9800283
8.9847766
9.0014695
9.0221822
9.0323683
9.0272117
9.0128725
8.9955039
8.9827435
8.9811719
8.9926482
9.013247
9.0296261
9.0310106
9.0197946
9.0027736
8.9872712
8.9794933
8.9849705
9.0028271
9.0232122
9.032074
9.0259209
9.0115884
8.9942666
8.9817604
8.9806436
8.9940928
9.0149257
9.030636
9.0310908
9.0186443
9.0022587
8.986803
8.980035
8.9868632
9.0050342
9.0249578
9.0322144
9.0251384
9.009495
8.9924743
8.9804964
8.9814795
8.9960991
9.0174939
9.03085
9.0295927
9.0167047
8.9997373
8.9848903
8.9797206
8.9878998
9.0072947
9.0262954
9.0322546
9.0236202
9.0079635
8.9913173
8.9809579
8.98269
8.9979048
9.0191994
9.0325154
9.0293252
9.0162499
8.9982326
8.9841747
8.9802824
8.9899062
9.0093412
9.028021
9.0329368
9.0230049
9.0067262
8.9898727
8.980035
8.9838403
9.0002189
9.0215134
9.0326023
9.0287834
9.014491
8.9971357
8.983225
8.9802757
8.9914042
9.0117623
9.0295994
9.0320405
9.0222491
9.0055759
8.9885017
8.9794197
8.9836999
9.001824
9.0233794
9.0329836
9.0273187
9.0130664
8.9954036
8.9818875
8.9799882
8.9930294
9.0147518
9.0309437
9.0318867
9.0202427
9.0032017
8.9871374
8.9799012
8.9860272
9.0044724
9.0251183
9.0331775
9.0269107
9.0114413
8.9937784
8.9815263
8.9816267
8.9957647
9.0169187
9.0312848
9.0308902
9.0188783
9.0012956
8.9859068
8.9801754
8.9875654
9.0070673
9.0262821
9.0327428
9.0256333
9.0099966
8.9924743
8.9809111
8.9825228
8.9979583
9.0187646
9.0321409
9.0299672
9.0177012
8.9995434
8.9847833
8.980249
8.9892106
9.0095686
9.0283687
9.0333982
9.0241419
9.008124
8.9904679
8.9803426
8.9832986
9.0009345
9.0213864
9.0331909
9.0298067
9.0157149
8.9977443
8.9838069
8.9806837
8.9915046
9.0122505
9.0299338
9.0335253
9.0231855
9.0064119
8.9892641
8.9804764
8.9849572
9.0020781
9.0231587
9.033211
9.0284289
9.0143104
8.9964402
8.9829575
8.9808709
8.9933972
9.0144107
9.0306762
9.0322278
9.0209985
9.0040577
8.9882676
8.9804697
8.9868899
9.0044389
9.0245298
9.0330103
9.0263489
9.0120833
8.9946612
8.9823088
8.9817939
8.9950491
9.01627
9.0312647
9.0316526
9.0200755
9.0028138
8.987318
8.9805767
8.9879667
9.0067195
9.0262285
9.0337728
9.0263356
9.0106922
8.993317
8.9818808
8.9827502
8.9973564
9.018156
9.03188
9.0308701
9.0180825
9.0010013
8.9860874
8.9806302
8.9891504
9.0086992
9.0276397
9.0330571
9.0248709
9.0094482
8.9920396
8.9814394
8.9834591
8.9990083
9.0199886
9.0328899
9.0296194
9.0162633
8.9989214
8.9842483
8.9802089
8.9900867
9.0108861
9.0285426
9.032803
9.0229848
9.0064921
8.9903007
8.9810181
8.9842416
8.9999714
9.0207978
9.032716
9.0286496
9.0146181
8.9967077
8.983439
8.9807706
8.9918323
9.0119228
9.0293452
9.0321944
9.0212794
9.004546
8.9885485
8.9803426
8.9850842
9.0016501
9.0222759
9.0326625
9.0266566
9.0121836
8.9951829
8.9831515
8.9813926
8.9932367
9.0138021
9.0298201
9.0309972
9.0194334
9.0030479
8.9877794
8.9805767
8.9857263
9.00373
9.0239078
9.0329234
9.0258808
9.0111737
8.9937115
8.9816267
8.9815531
8.9946278
9.015949
9.0304287
9.0304688
9.0181761
9.0008542
8.9861008
8.9803292
8.9873447
9.0060909
9.0256601
9.0322278
9.0245833
9.0091473
8.9922737
8.9810114
8.9822219
8.9967679
9.0175474
9.0316794
9.0293452
9.0165777
8.9995434
8.9852849
8.9807439
8.9889097
9.0075957
9.0265496
9.0323081
9.023774
9.0080504
8.9913507
8.9805098
8.9831448
8.9984666
9.0190924
9.0318867
9.0291312
9.0156213
8.9991755
8.9850575
8.9801553
8.9901135
9.0104447
9.0287098
9.0322612
9.0223294
9.0063517
8.9899998
8.9804563
8.9839072
9.0003794
9.0211991
9.0329568
9.0276732
9.013655
8.9966275
8.9834992
8.9809244
8.9920262
9.0119629
9.0287299
9.0316125
9.0206841
9.0048803
8.9891772
8.9803292
8.9847967
9.0015498
9.0230918
9.033104
9.0269642
9.0127588
8.9958115
8.9825897
8.9807974
8.99321
9.014083
9.0301612
9.0307564
9.0201892
9.0041915
8.9875989
8.9800751
8.9858467
9.0043319
9.0247505
9.0330103
9.0262419
9.0115014
8.9936781
8.9813993
8.9812588
8.9948752
9.0168719
9.0312714
9.0310173
9.018758
9.0012555
8.9859603
8.9793996
8.9874985
9.0067597
9.0264359
9.0331374
9.0247371
9.009495
8.9924007
8.9813993
8.9828104
8.9981523
9.0193264
9.0329167