13-jul-17 11:40:00 a.m.
9.0120097
9.0132537
9.0129059
9.0115282
9.0118893
9.012839
9.0130798
9.0115349
9.0119027
9.0128457
9.0129327
9.0117489
9.0112139
9.012498
9.0129461
9.0119629
9.0110467
9.0121836
9.0129461
9.0127387
9.011254
9.0123308
9.0129795
9.0131266
9.0113409
9.0121034
9.0129996
9.0129193
9.0115483
9.0117422
9.0131066
9.0132738
9.0119228
9.0114145
9.0128925
9.0129795
9.0123843
9.0111269
9.0126451
9.0127253
9.0121301
9.0111135
9.0119763
9.0127922
9.0123642
9.0112139
9.0113209
9.0130731
9.0125782
9.0114078
9.010933
9.0122505
9.0130999
9.0120766
9.0110266
9.0119161
9.0127722
9.0126585
9.0112941
9.0110734
9.012605
9.0131734
9.0121903
9.0116218
9.0121435
9.0128725
9.0122505
9.0115081
9.0118024
9.0125983
9.013033
9.0120833
9.0123575
9.0127855
9.0134811
9.0125314
9.0121702
9.0128457
9.0129193
9.0129327
9.012411
9.0120967
9.0126986
9.0122773
9.0124043
9.0122438
9.0121167
9.0127187
9.0125515
9.0120164
9.0122037
9.0123575
9.0124846
9.0124177
9.0122973
9.0127722
9.0125046
9.0127789
9.0122037
9.012518
9.0125983
9.0124779
9.0124043
9.0127922
9.0125113
9.0126718
9.0125715
9.0125715
9.0124244
9.0127253
9.0126183
9.0127253
9.0127187
9.0125715
9.012411
9.012518
9.012518
9.0129394
9.0127053
9.0127521
9.0127053
9.0126718
9.0130932
9.0125715
9.0125581
9.0125046
9.0126986
9.0126451
9.0124043
9.0119897
9.012003
9.012304
9.0126183
9.0127387
9.0125916
9.0125782
9.0128658
9.0125448
9.0124311
9.0126183
9.0125648
9.0127855
9.0124645
9.012839
9.0133808
9.0127789
9.0129795
9.0126852
9.0127922
9.0129929
9.0134543
9.0135012
9.0129661
9.0127521
9.0130464
9.0127855
9.0129594
9.0131668
9.0129059
9.0129126
9.0130597
9.0130397
9.0128992
9.0132805
9.0131734
9.012839
9.0128457
9.0131066
9.0133005
9.0132403
9.0133607
9.0129527
9.0135212
9.0134677
9.0132403
9.0133072
9.0132805
9.0132203
9.0130597
9.0133206
9.0130062
9.0133406
9.0136817
9.0133473
9.0132738
9.0135547
9.0133607
9.0140028
9.0134276
9.0137954
9.0137954
9.0135948
9.0135145
9.0135012
9.013762
9.0137887
9.0139359
9.0138891
9.0139827
9.013568
9.0138155
9.0140429
9.0137887
9.0140429
9.0139559
9.0136884
9.0140563
9.0138623
9.0141365
9.0140429
9.0141031
9.0144642
9.0145177
9.0141766
9.0141098
9.0142703
9.0141633
9.0144776
9.0145846
9.0142903
9.0139426
9.0143305
9.01419
9.0142903
9.0143171
9.0144308
9.0146582
9.0146716
9.0145311
9.0149123
9.0147518
9.0147184
9.0149859
9.0147451
9.0149458
9.0148254
9.0149391
9.014899
9.0149792
9.0150862
9.0150127
9.0153404
9.0151197
9.0151263
9.0150996
9.0150728
9.0151464
9.0149725
9.0153471
9.0151063
9.0153203
9.0153203
9.0152334
9.0151464
9.0155143
9.0149792
9.0152668
9.0150595
9.0150996
9.0151531
9.0146849
9.0152467
9.0151732
9.0157015
9.0155143
9.0153337
9.0151932
9.0153537
9.0156614
9.0157283
9.0156146
9.0152133
9.0150929
9.0151732
9.0156948
9.0153136
9.0155209
9.0152935
9.0155544
9.0151531
9.0151732
9.0151464
9.0149324
9.0149458
9.0151932
9.0153939
9.0151932
9.0146783
9.0149391
9.0151732
9.0151865
9.0152869
9.0150862
9.0152668
9.01522
9.0150528
9.0150662
9.0149056
9.015026
9.0150394
9.0150862
9.0149792
9.0150996
9.0144843
9.0148521
9.0150127
9.0146983
9.0147451
9.0158687
9.0157015
9.0158821
9.0153404
9.0149993
9.0151732
9.0147853
9.0152668
9.0148923
9.0149056
9.0150662
9.015113
9.0149458
9.0146849
9.0145512
9.0146114
9.0150193
9.014705
9.0147919
9.0145712
9.0144509
9.0144375
9.0146649
9.0146849
9.014598
9.014812
9.0147719
9.0143238
9.0146047
9.0144375
9.0144174
9.0145177
9.0141231
9.0141432
9.0144776
9.0145445
9.0144843
9.0141967
9.014277
9.0145512
9.0147919
9.0146047
9.0143238
9.0147451
9.014297
9.0140429
9.014384
9.0147184
9.0145177
9.0140897
9.0142101
9.0143505
9.0141766
9.0143974
9.0142101
9.0139091
9.0142034
9.0140964
9.0142502
9.0143974
9.0143639
9.0142903
9.0137954
9.0143238
9.0143974
9.0143104
9.0141031
9.0138891
9.0139961
9.0141098
9.0144308
9.0141365
9.0137018
9.0140228
9.0134343
9.0137687
9.0138489
9.0137419
9.0138489
9.0136951
9.0144375
9.0137085
9.0138021
9.0138021
9.014063
9.0138222
9.0136617
9.0132871
9.0138289
9.0133875
9.0136951
9.0137486
9.0134477
9.0135747
9.0134677
9.0137085
9.0136617
9.0138289
9.0135814
9.0138155
9.0134276
9.0133674
9.0131333
9.0135212
9.0134677
9.0136349
9.0133273
9.0132871
9.0133674
9.0133674
9.0133406
9.0130731
9.0129661
9.0130196
9.0130397
9.0130731
9.0131801
9.0130129
9.0129327
9.0131133
9.012819
9.0130464
9.01314
9.0131601
9.0130196
9.0131534
9.012819
9.0131534
9.0130062
9.0127521
9.0129126
9.0129661
9.0135346
9.0125448
9.0128257
9.012625
9.0131868
9.012819
9.0130062
9.0126986
9.0130664
9.0130263
9.0131534
9.0133875
9.0130798
9.0134477
9.0131266
9.0135145
9.0130397
9.0131734
9.0131868
9.0131333
9.0132403
9.0131199
9.0133674
9.0128992
9.0131467
9.0130798
9.0131668
9.0131668
9.0131668
9.0134811
9.0134343
9.0134343
9.0134744
9.0134477
9.0134744
9.013762
9.0133607
9.0136416
9.0134008
9.0136884
9.0136282
9.0136015
9.0135881
9.0136282
9.013461
9.0137486
9.0136215
9.0137286
9.0138222
9.0136149
9.0135881
9.0138289
9.0138556
9.0137352
9.0140094
9.0139894
9.0139693
9.0138623
9.0140563
9.0137754
9.0137419
9.0139225
9.0137954
9.0138824
9.0139626
9.0139091
9.0137754
9.0140295
9.0139626
9.014083
9.0145044
9.0144642
9.0141031
9.0141633
9.0139292
9.0133607
9.0127789
9.0126518
9.0134878
9.0145779
9.0164773
9.0172531
9.0172197
9.0154607
9.0123374
9.0100568
9.0086858
9.0108661
9.0151799
9.0200287
9.0226437
9.0204166
9.0145445
9.0078565
9.0039039
9.0050409
9.0118559
9.0207242
9.0264894
9.0259476
9.0194468
9.009475
9.0018373
8.9994631
9.0046128
9.0153939
9.0261416
9.0298936
9.02459
9.0146381
9.0036163
8.9981255
9.0003994
9.0102374
9.0229179
9.0303083
9.028342
9.0192462
9.0082243
9.0002857
8.9988144
9.0056562
9.0183032
9.0284557
9.0308032
9.0243893
9.0133607
9.003623
8.9979784
9.0019778
9.0125314
9.0250046
9.0311911
9.028041
9.0182497
9.0071342
8.9993628
8.9988813
9.0069603
9.0201023
9.030121
9.0312915
9.0236269
9.011896
9.0018574
8.9968281
9.0013157
9.0136015
9.0268104
9.0323014
9.0277735
9.0170391
9.0047733
8.9977778
8.9983262
9.0081976
9.0217007
9.0315322
9.0308032
9.0222424
9.0101572
8.9998042
8.9968214
9.0022319
9.0158888
9.0287098
9.0332043
9.027312
9.0157015
9.0037835
8.9967612
8.9980988
9.008445
9.0227775
9.0311577
9.029693
9.0198749
9.0076291
8.9978246
8.9952765
9.0023724
9.0157483
9.0282818
9.0310975
9.0249578
9.0130531
9.0012555
8.9951962
8.9979249
9.009388
9.023045
9.0307965
9.0281079
9.017835
9.0052281
8.996166
8.9948017
9.0026131
9.0162499
9.0275795
9.0293987
9.0219549
9.0100435
8.9986204
8.9934106
8.9972896
9.0089399
9.0225434
9.0293519
9.0259476
9.0152668
9.0029141
8.9943335
8.9939389
9.0026064
9.0166512
9.0273588
9.0283219
9.0201892
9.00791
8.9972227
8.9924877
8.9972227
9.009495
9.023132
9.0287633
9.0248642
9.0137152
9.0010348
8.9927485
8.9928622
9.0022386
9.0166178
9.0269642
9.0278671
9.0190522
9.0063651
8.9958717
8.9918389
8.9969217
9.0100903
9.0231855
9.02875
9.0240081
9.0126518
9.0001787
8.9925412
8.9935912
9.0034424
9.0176277
9.0271716
9.0265094
9.0172465
9.0050074
8.9944138
8.9909762
8.9970421
9.0102107
9.0225835
9.0268037
9.0211055
9.0099966
8.9982526
8.9914109
8.9934106
9.0032485
9.0179153
9.0261215
9.0245699
9.0146916
9.0033287
8.9934708
8.9913039
8.9983931
9.0117088
9.0239747
9.0265964
9.0198414
9.0079702
8.9967278
8.9908224
8.9936112
9.004653
9.0183032
9.0267034
9.024182
9.013976
9.0013157
8.9923405
8.990488
8.9978112
9.0118693
9.0242422
9.0265696
9.0199217
9.007696
8.9955775
8.989846
8.9936045
9.0056495
9.0191994
9.0267569
9.0238208
9.0130731
9.0005332
8.9919727
8.9918523
8.9991689
9.013334
9.0243559
9.0265563
9.018778
9.0070138
8.9960724
8.9908692
8.9951628
9.007696
9.0212927
9.0277802
9.0235332
9.0123843
9.0000048
8.9920195
8.9919861
9.001095
9.0153136
9.0263088
9.0264158
9.0182697
9.0055692
8.9946412
8.9906218
8.9962931
9.0089734
9.0230049
9.0280277
9.0226772
9.011361
8.9992759
8.9914377
8.9931899
9.0034759
9.0179153
9.027205
9.0264693
9.0174738
9.0051011
8.994387
8.9917119
8.9979182
9.0117823
9.0243224
9.0282751
9.0226103
9.0107992
8.9993628
8.9928488
8.9945877
9.0055692
9.0199083
9.0280343
9.0267168
9.0167047
9.0037701
8.9941396
8.9924275
8.999938
9.0139091
9.0259744
9.0290911
9.0218077
9.0095954
8.9980185
8.9929157
8.9963198
9.0078565
9.0218345
9.0293185
9.0260613
9.0157952
9.0030813
8.9945408
8.9938386
9.0023857
9.0160225
9.0274926
9.0284156
9.0215201
9.0088597
8.9975169
8.9933236
8.9977243
9.0094549
9.0232189
9.0297131
9.0264426
9.0155678
9.0032217
8.9950357
8.9950625
9.0038838
9.0177815
9.0288704
9.0293787
9.0212325
9.0089667
8.9981724
8.9939857
8.9994765
9.0119696
9.0249979
9.0303618
9.0262085
9.0145244
9.0020313
8.9942466
8.9957045
9.0052214
9.0186978
9.028663
9.0284022
9.0196274
9.0069202
8.996915
8.994815
9.0004396
9.0142703
9.0271381
9.031151
9.0253591
9.0133942
9.0005733
8.9941195
8.9959921
9.0071208
9.0217542
9.0301545
9.0282751
9.018865
9.0063784
8.997022
8.9941529
9.0018708
9.0153604
9.0270177
9.0301144
9.0247906
9.012304
9.0018106
8.9946211
8.9976975
9.0090202
9.0217141
9.0311042
9.0286363
9.0180022
9.0054689
8.996594
8.9945676
9.0026064
9.0158754
9.0280878
9.0298201
9.0231386
9.0110199
8.999831
8.9946545
8.9984198
9.0101371
9.0236938
9.0298669
9.0265496
9.0160894
9.0036163
8.9960255
8.9956176
9.0040845
9.018263
9.0286095
9.0296796
9.0215335
9.0091874
8.9983931
8.9941864
8.9991354
9.0116285
9.0250849
9.0302214
9.0256601
9.0144642
9.002145
8.9943201
8.9959386
9.0050074
9.0188248
9.029071
9.0287834
9.0198682
9.007288
8.9969485
8.9931966
8.9992892
9.012498
9.0254728
9.0299538
9.0244361
9.0127053
9.0010348
8.9940593
8.995524
9.0052482
9.019614
9.0288169
9.0275394
9.0186777
9.0058702
8.9959386
8.9928822
8.9994564
9.0130062
9.0256266
9.0292382
9.0233393
9.0114279
8.9995434
8.9928822
8.9951427
9.0057498
9.0198882
9.0284356
9.0266566
9.0169856
9.0045593
8.9948886
8.9926348
8.9999647
9.0135279
9.026068
9.0282484
9.0217141
9.01001
8.9983128
8.9925947
8.9958784
9.0067864
9.0208714
9.0284891
9.025125
9.0158353
9.0028138
8.9941262
8.9929558
9.0008408
9.0148187
9.0264292
9.0274057
9.0202293
9.0085119
8.9969819
8.9918657
8.9960657
9.0080772
9.0214934
9.0282617
9.0244696
9.0137419
9.0013759
8.9931966
8.9928555
9.0017838
9.0160159
9.0267302
9.0272786
9.0192395
9.0065523
8.9958383
8.9915112
8.9962997
9.0089667
9.0221622
9.0278805
9.0233928
9.0121502
8.9999045
8.9919459
8.992695
9.0028271
9.0169455
9.0266767
9.026797
9.0177481
9.0052415
8.994902
8.9914711
8.997323
9.0104782
9.0234597
9.0276531
9.0228176
9.0111537
8.9993026
8.9916651
8.9935912
9.0041112
9.0184704
9.0277334
9.026262
9.0167114
9.0042182
8.9941128
8.9914845
8.9985402
9.0122171
9.0242489
9.0276464
9.0211723
9.0094683
8.9973029
8.9914711
8.9943937
9.0052348
9.0188583
9.0270244
9.0244963
9.0144575
9.002252
8.993745
8.9917921
8.9990418
9.0131066
9.0247705
9.0267435
9.0197679
9.0078565
8.9969953
8.9921065
8.9955507
9.0067128
9.0201357
9.0272117
9.0236871
9.0138356
9.001737
8.9932166
8.9926549
9.0008275
9.0144241
9.0255464
9.0270779
9.0198816
9.0073014
8.9970956
8.9924007
8.9963599
9.0079903
9.0212727
9.0277802
9.0243224
9.0137954
9.0018641
8.9931431
8.9924609
9.0010615
9.0156614
9.0263757
9.0274926
9.0193866
9.0075555
8.9966475
8.9919192
8.9963399
9.0091673
9.0227173
9.0284691
9.0245632
9.0138222
9.0015966
8.9930428
8.9935711
9.0030412
9.0179487
9.0282952
9.0276866
9.0189653
9.0063584
8.9959386
8.9919192
8.9983329
9.011468
9.02461
9.0291981
9.0239613
9.0123107
9.000366
8.992695
8.9945342
9.0055625
9.0198682
9.0289774
9.027292
9.0181962
9.0052281
8.9950491
8.9927217
9.0000316
9.0139493
9.0263489
9.0295325
9.02253
9.0106788
8.9989415
8.9927151
8.9958851
9.0069804
9.0217275
9.0289439
9.0268505
9.0167114
9.0038571
8.9944606
8.993337
9.0014762
9.0155477
9.027292
9.0290509
9.0214867
9.0096622
8.9980921
8.9928421
8.9973698
9.0087326
9.0229112
9.0295592
9.0258406
9.0151732
9.003001
8.993852
8.9932434
9.0022787
9.0169388
9.0279273
9.0285426
9.0204969
9.0080772
8.9970087
8.9924542
8.9974033
9.0099565
9.0239747
9.0293051
9.0246301
9.0138824
9.0015498
8.9936915
8.9950759
9.0041915
9.0182497
9.0287767
9.0288235
9.0190656
9.0069469
8.9960456
8.992394
8.9987208
9.011769
9.0246769
9.0294924
9.0240482
9.0126986
9.0004462
8.9932768
8.9946947
9.0054087
9.019614
9.0287834
9.0271716
9.017514
9.0054354
8.9950625
8.9927552
8.9996504
9.0131199
9.0259142
9.0290978
9.0229648
9.0105517
8.999122
8.9929023
8.995845
9.0067463
9.0205236
9.0284423
9.0268037
9.0171996
9.0040243
8.9949354
8.9928889
9.0002189
9.0145646
9.0263088
9.0289172
9.0222358
9.0095485
8.9981255
8.9926549
8.9957915
9.0078097
9.0221087
9.0292382
9.0261282
9.0156681
9.0030278
8.9943736
8.9936246
9.0019377
9.015755
9.0271047
9.0286831
9.0211188
9.008659
8.9974568
8.9927084
8.9974634
9.0095887
9.0226839
9.0291713
9.0253457
9.0145712
9.0019243
8.9937182
8.9939189
9.0030278
9.0169722
9.0271381
9.0276866
9.0194067
9.0072078
8.996487
8.9923807
8.9974166
9.010117
9.0232457
9.0291245
9.0240817
9.0127053
9.0007539
8.9929959
8.9935978
9.0037969
9.0181493
9.027312
9.0268505
9.0180356
9.0055291
8.9955306
8.9924342
8.9984934
9.0113342
9.0242823
9.0284891
9.0226839
9.0110667
8.9991622
8.9924676
8.9946077
9.0049807
9.018972
9.0276397
9.0262352
9.0169455
9.0042517
8.994708
8.9928622
8.9995969
9.012498
9.0248909
9.0281146
9.0216405
9.0092677
8.9980052
8.9923807
8.9955039
9.0062246
9.019594
9.0275795
9.0250448
9.0153337
9.0026934
8.9938252
8.9925947
9.0004529
9.0137419
9.0251183
9.0275194
9.0203631
9.0083113
8.9970889
8.9923539
8.9959988
9.007482
9.0208313
9.0274324
9.024483
9.0142101
9.0023322
8.9939122
8.9931297
9.0014628
9.0148588
9.0258339
9.0268773
9.0193532
9.007502
8.9968415
8.9924609
8.996788
9.0080304
9.0217542
9.0273923
9.0237272
9.0130531
9.0015431
8.9935577
8.993424
9.0021249
9.0159022
9.0263088
9.0267435
9.018564
9.0070205
8.9964603
8.9922737
8.9970622
9.0095686
9.0226036
9.0281681
9.0230316
9.0123174
9.0004998
8.9926281
8.9936781
9.0034023
9.0175274
9.027292
9.0270044
9.0180691
9.0055893
8.9950892
8.9913775
8.9976641
9.0109263
9.0240884
9.0287633
9.0230383
9.0114613
8.9993227
8.992073
8.9937985
9.004459
9.0186309
9.0276531
9.0261282
9.0167917
9.0039039
8.9935577
8.9909026
8.9982392
9.0125046
9.0250514
9.0283219
9.0221421
9.0098963
8.9981657
8.9915848
8.9946612
9.0067396
9.0209717
9.0287901
9.0263088
9.015755
9.0031482
8.9932568
8.992394
9.0007539
9.0150862
9.0266833
9.0284156
9.021052
9.0088597
8.997109
8.9915514
8.9956644
9.008338
9.0225969
9.0288837
9.0252655
9.0142903
9.0015765
8.9929358
8.9929491
9.0029542
9.0163168
9.0275862
9.0282684
9.0198481
9.0077361
8.9961794
8.9916116
8.996808
9.0097358
9.0237339
9.0291981
9.024182
9.0131668
9.0003259
8.9934106
8.9941596
9.0047466
9.0181293
9.028021
9.027506
9.0185707
9.0057431
8.9954437
8.9921533
8.9981724
9.0113142
9.02461
9.0288035
9.0229246
9.0113276
8.9991822
8.9919192
8.9941195
9.0051345
9.0194334
9.0282818
9.0268104
9.0173602
9.0050074
8.994708
8.9919192
8.9991354
9.0128859
9.0257203
9.0286764
9.0223896
9.0101572
8.9986606
8.9917119
8.9947682
9.0060775
9.0207176
9.0289974
9.0265964
9.0162499
9.0036096
8.9936781
8.9926615
9.0009545
9.0148588
9.0266767
9.0284223
9.0215402
9.0091339
8.9975437
8.9917587
8.996166
9.0080371
9.021801
9.0289841
9.026048
9.0147384
9.0024326
8.9935042
8.9929224
9.0018173
9.0159022
9.0268305
9.0281681
9.0201892
9.0082176
8.9968682
8.9922068
8.9966341
9.0094482
9.0231654
9.0293987
9.0247705
9.0135279
9.0008542
8.9931765
8.9935109
9.0029542
9.0172598
9.0278604
9.0278738
9.0193799
9.0067864
8.9959453
8.9918657
8.9972962
9.010739
9.0238275
9.0289974
9.0236469
9.0120565
9.0002122
8.9931565
8.9942399
9.0041781
9.0183968
9.0278003
9.0270177
9.0180624
9.0053819
8.9950959
8.9921733
8.9991421
9.0119964
9.0243559
9.0288369
9.0226705
9.0113677
8.9991622
8.9927151
8.9948552
9.0056093
9.0196809
9.0283554
9.0265429
9.0171194
9.004673
8.9946412
8.9925278
9.0000985
9.0137887
9.0252788
9.028342
9.0216873
9.0096087
8.9987743
8.9926281
8.9950224
9.0066393
9.0207242
9.0281748
9.0257738
9.0153136
9.0029275
8.9940392
8.992501
9.0001587
9.0142569
9.0261617
9.0280277
9.0207577
9.0083113
8.9974969
8.9918791
8.9960857
9.0082243
9.0217275
9.0283219
9.024396
9.0140161
9.001844
8.9933036
8.9927351
9.0023523
9.0159958
9.0266633
9.0274525
9.0192194
9.0074552
8.9965405
8.9920596
8.9966408
9.0092342
9.0228711
9.0288904
9.0241151
9.0133406
9.0014026
8.9929625
8.9934039
9.0033421
9.0171461
9.0273187
9.0271448
9.0187646
9.0065992
8.9960657
8.9920931
8.9977711
9.0108393
9.0239546
9.0283353
9.0235399
9.0120432
9.0003593
8.9922737
8.9934507
9.0041112
9.0185105
9.0272318
9.0267368
9.0176879
9.0053351
8.9951962
8.9919125
8.9986204
9.0122505
9.0246234
9.028449
9.021995
9.010418
8.9987074
8.9918456
8.9941663
9.0053151
9.0198414
9.0285828
9.0261149
9.0163904
9.004051
8.9940593
8.9923807
8.9993561
9.013548
9.0254327
9.0282082
9.021587
9.0095552
8.9978647
8.991645
8.9951427
9.0065724
9.0209717
9.0285627
9.0250715
9.0153671
9.0028873
8.993317
8.9921934
9.0003259
9.0149056
9.0265028
9.028041
9.020557
9.0084651
8.9968214
8.9912905
8.9955173
9.008231
9.0220017
9.028877
9.0248642
9.014277
9.0013291
8.9925947
8.992287
9.0020313
9.0163703
9.0271047
9.027419
9.0193933
9.0073616
8.9959453
8.9917119
8.9968482
9.0099833
9.0235466
9.0287767
9.0239412
9.012712
9.0007606
8.9927151
8.9936313
9.0035428
9.0182095
9.0281614
9.0274257
9.0183232
9.006131
8.9954838
8.9917854
8.9978447
9.0115081
9.024824
9.0289974
9.0229982
9.0113476
8.9992692
8.9924609
8.9939055
9.0048402
9.0196943
9.0284423
9.0268104
9.0173668
9.0043453
8.9948217
8.9922068
8.9993962
9.0132336
9.0257671
9.0288035
9.0222558
9.0105049
8.9987208
8.9923673
8.9952431
9.0065925
9.020858
9.0284891
9.0260012
9.0158085
9.0035093
8.9939657
8.9923539
8.9998644
9.0140964
9.0261416
9.0283152
9.0209383
9.0090737
8.9976106
8.992287
8.9955841
9.0075689
9.0220284
9.028536
9.0254661
9.0147585
9.0024928
8.9936781
8.9928287
9.0013558
9.0154741
9.0268773
9.02772
9.0200822
9.0077963
8.9965138
8.9915915
8.9966542
9.008659
9.0227574
9.0289105
9.0244161
9.0136951
9.0009211
8.9929826
8.9938119
9.0031348
9.0169254
9.027419
9.0271849
9.018457
9.0060842
8.9958383
8.9918323
8.9972561
9.010846
9.0239145
9.0292248
9.0241419
9.0126718
9.0010615
8.9927284
8.9940259
9.0039039
9.0184771
9.0278939
9.0271716
9.0177748
9.0056762
8.9950157
8.9919727
8.9985335
9.0121702
9.0247973
9.0287767
9.0228511
9.0106922
8.9990083
8.991859
8.9942131
9.0052214
9.0195204
9.0282484
9.0263356
9.0170525
9.0043386
8.9944271
8.9922402
8.9997775
9.0135747
9.0255263
9.0286563
9.0211857
9.0096622
8.9980988
8.9919727
8.995223
9.0065523
9.0212125
9.0288637
9.0254126
9.0152334
9.0030612
8.9937918
8.9926816
9.0010415
9.0147451
9.0262085
9.0284691
9.0202293
9.0082912
8.9973431
8.9919192
8.9959787
9.0079167
9.0220284
9.0285694
9.0246301
9.0135145
9.0018641
8.9935978
8.9930494
9.001844
9.0160961
9.0268104
9.027399
9.0192328
9.0069469
8.9968615
8.9915447
8.9968883
9.0095954
9.0226103
9.0281882
9.0238944
9.0128056
9.0005466
8.9931163
8.9931498
9.0028071
9.0174672
9.0271916
9.0271114
9.0184302
9.006238
8.9955173
8.9920596
8.9974902
9.0109798
9.0240549
9.0287032
9.0231788
9.0116954
8.9997106
8.9923472
8.9938319
9.0044924
9.0184904
9.0274391
9.026476
9.0174203
9.0047466
8.9949689
8.9919995
8.9987475
9.0116954
9.0246836
9.0284089
9.0222959
9.0104381
8.9989348
8.9922135
8.994708
9.0057698
9.0199819
9.0287366
9.02669
9.0165509
9.0040444
8.9947281
8.992267
9.000065
9.0139426
9.025961
9.0286296
9.0214265
9.009281
8.9979383
8.992073
8.995437
9.007375
9.021159
9.0281815
9.0250113
9.0147719
9.0023456
8.993745
8.9927084
9.0010816
9.0151531
9.0264626
9.0278404
9.0204032
9.0080504
8.9969284
8.9918724
8.9960189
9.008552
9.0226036
9.0287232
9.0244629
9.0138757
9.0017504
8.9933571
8.9930695
9.0023991
9.0164171
9.0271448
9.0278136
9.0188917
9.0067262
8.9960122
8.9921332
8.997323
9.0104648
9.023453
9.0289172
9.023861
9.012304
9.0005064
8.9926682
8.9935443
9.0041179
9.0181694
9.027526
9.0271783
9.0181226
9.00583
8.9956845
8.9923338
8.9985335
9.0117556
9.024483
9.0283487
9.0224297
9.0112139
8.9997574
8.9925077
8.9948284
9.0051011
9.0199752
9.0289372
9.0274525
9.0177213
9.0053084
8.9951962
8.9927752
9.0001319
9.0141298
9.0262486
9.0292449
9.0223026
9.0103912
8.9993427
8.9930494
8.9962128
9.0071208
9.0212593
9.0291847
9.0264426
9.0165175
9.0037233
8.9942332
8.9926482
9.0011953
9.0148254
9.0268238
9.0285092
9.0207644
9.009174
8.9975638
8.9924074
8.9962663
9.0083915
9.0223495
9.0291178
9.0250381
9.0146515
9.0024192
8.9940794
8.9934708
9.0025596
9.0162968
9.0271916
9.0285961
9.0204969
9.0085186
8.9975972
8.992695