13-jul-17 12:00:00 p.m.
9.0120766
9.0118225
9.0118358
9.0121034
9.0119897
9.0123776
9.0122438
9.0121636
9.0123241
9.012197
9.0121301
9.0122371
9.0122104
9.0117957
9.0130263
9.0121368
9.0121769
9.012003
9.0121368
9.0123575
9.0124244
9.0122906
9.0123709
9.0123976
9.0120967
9.0121034
9.0123776
9.0123308
9.0121903
9.0120499
9.0121836
9.0122906
9.0121167
9.0121769
9.0122639
9.0122237
9.0120365
9.0122237
9.0120365
9.0119696
9.0122505
9.0118492
9.0120833
9.0120699
9.012304
9.0121702
9.0116753
9.0121702
9.0124511
9.012304
9.0120298
9.011876
9.0120499
9.0121167
9.0120833
9.0121034
9.0120565
9.0120766
9.0119696
9.012003
9.0120298
9.0120164
9.0123976
9.0119696
9.0119027
9.0123709
9.0118292
9.0119027
9.0119161
9.0116954
9.0120565
9.0115616
9.0118693
9.0122906
9.0122505
9.0119696
9.0121502
9.0123174
9.0116553
9.0121769
9.0120164
9.0117155
9.0116553
9.0121167
9.0122171
9.0122572
9.0119763
9.0121903
9.0122037
9.0121836
9.0124311
9.0121101
9.0120298
9.0118492
9.0118358
9.0122237
9.0118827
9.0117355
9.0118158
9.0119562
9.0120833
9.0119629
9.0120097
9.0121435
9.0117957
9.0119429
9.0119295
9.0119495
9.0118827
9.0118358
9.0116686
9.0119429
9.0115282
9.011769
9.011662
9.0116887
9.011662
9.0116218
9.0116018
9.0119094
9.0115549
9.0115081
9.0118358
9.0117021
9.011682
9.0116954
9.0119161
9.0118358
9.0117021
9.0116486
9.0117957
9.0115817
9.011682
9.0117088
9.0116887
9.0115483
9.0119295
9.0117489
9.0117489
9.0115817
9.0115282
9.011769
9.0116686
9.0114747
9.0117288
9.0116419
9.011876
9.0117489
9.0116887
9.0114747
9.0120565
9.0116419
9.0117288
9.0115148
9.0119295
9.0119362
9.0115683
9.0119295
9.0117021
9.0115683
9.0116553
9.0118425
9.0117422
9.0117757
9.0119897
9.0122237
9.0119295
9.0116285
9.0115215
9.0115483
9.0113342
9.0115215
9.0116486
9.0116419
9.0118626
9.011682
9.0120298
9.0121435
9.0124445
9.0122104
9.0114747
9.0122572
9.0112741
9.0116352
9.011468
9.011876
9.0113543
9.0115616
9.0112941
9.0118492
9.0115683
9.011167
9.0117155
9.0116753
9.0116151
9.0116486
9.0114948
9.0116419
9.011575
9.0117757
9.0114546
9.0115884
9.0117355
9.0117556
9.0115683
9.0118292
9.0118091
9.0115951
9.0112807
9.0117155
9.0110533
9.011682
9.011254
9.0117757
9.0118158
9.0118559
9.0113677
9.0119897
9.0120365
9.0117489
9.0119228
9.0116486
9.0117823
9.0114814
9.0115817
9.0114747
9.0111135
9.0114881
9.0117623
9.0115884
9.0115951
9.0120231
9.0116954
9.0116753
9.0117288
9.0115416
9.0119763
9.0117288
9.0119562
9.0118158
9.0115817
9.0114814
9.0115081
9.0114078
9.0116151
9.011789
9.0117556
9.012605
9.0119562
9.0119696
9.0121769
9.0113075
9.0104113
9.0097759
9.0091272
9.0098963
9.011876
9.0148321
9.0170659
9.0175274
9.0148856
9.0098495
9.0045393
9.0017638
9.004352
9.0119161
9.0208914
9.0261282
9.0236804
9.0146515
9.0026867
8.9944338
8.994601
9.0042383
9.0197344
9.0318399
9.0328364
9.0224163
9.0063517
8.9918189
8.985626
8.991237
9.0089734
9.0292516
9.0376854
9.031452
9.0142368
8.9956845
8.9836865
8.9845358
8.9992558
9.0215469
9.0364347
9.0345553
9.0209048
9.0029342
8.9873648
8.982476
8.9916851
9.0117155
9.0315256
9.0378392
9.0280745
9.0109263
8.993424
8.9829107
8.9847298
9.00163
9.0242288
9.0371704
9.0341741
9.0187713
9.0004462
8.9855256
8.9809579
8.9913975
9.0137887
9.0337126
9.0374647
9.0264359
9.0081842
8.9900867
8.9798745
8.9837734
9.0023122
9.026155
9.0383007
9.0320472
9.0155744
8.9962061
8.9813525
8.9785904
8.9910163
9.0150127
9.0344082
9.0366554
9.0223695
9.0032418
8.9854721
8.9774
8.983098
9.0036966
9.0281146
9.0371904
9.0285961
9.0116018
8.991451
8.9781958
8.9773064
8.9924609
9.0174738
9.0351639
9.0338798
9.0194803
8.9997373
8.9826833
8.9755074
8.9825295
9.004566
9.0273789
9.0361337
9.0269776
9.0088931
8.9890033
8.9759688
8.9757013
8.9913307
9.0163302
9.0340135
9.0323883
9.0171261
8.9972962
8.980249
8.9734877
8.9823757
9.0049004
9.0279206
9.0353913
9.0247705
9.006539
8.9870705
8.9744039
8.9760624
8.9933303
9.0194334
9.0353044
9.0316593
9.0161095
8.9957647
8.9789582
8.9737686
8.9835594
9.0065122
9.0290442
9.0348094
9.0233192
9.0049673
8.985218
8.9736616
8.9760223
8.9945877
9.0194669
9.0338731
9.0301077
9.0137085
8.9935778
8.9777143
8.9728925
8.9837935
9.0081039
9.0290309
9.0331575
9.021373
9.0025998
8.9836263
8.9726718
8.9766911
8.9959185
9.0214733
9.0342343
9.0282216
9.0106855
8.9909026
8.9760624
8.9729727
8.9856326
9.0096823
9.0297933
9.0318934
9.0179219
8.9980587
8.9800015
8.9713543
8.976865
8.9973564
9.0217408
9.0319469
9.0245766
9.0060039
8.9863282
8.9731132
8.97211
8.9868097
9.0112473
9.0299471
9.0297331
9.0148455
8.9954571
8.9774869
8.9697693
8.9777478
9.0004596
9.0242756
9.0330906
9.023968
9.004887
8.986288
8.9726985
8.972197
8.9876925
9.0138289
9.0309102
9.0300742
9.0152935
8.9944606
8.9766443
8.9695821
8.9774201
8.998995
9.0226772
9.0318666
9.0230985
9.0046864
8.9844355
8.9709999
8.9715014
8.9886622
9.0138155
9.0314252
9.0300475
9.0150595
8.9934307
8.977099
8.9721033
8.9822887
9.0049539
9.0276866
9.0332645
9.0227574
9.0034893
8.9838403
8.9719829
8.9748252
8.9940125
9.0191124
9.0322947
9.0291981
9.0119696
8.9915313
8.9756879
8.9729593
8.9846027
9.0069402
9.0285694
9.0332377
9.0207042
9.0022052
8.9838604
8.9737953
8.9776207
8.9960924
9.0210921
9.0341206
9.0290911
9.0128056
8.9934975
8.9775271
8.9735813
8.9861877
9.0110533
9.0312313
9.0334384
9.0214733
9.0017972
8.9830043
8.9735278
8.9791923
8.9988612
9.0237473
9.0356053
9.0286028
9.0124244
8.991324
8.9758953
8.9741698
8.989117
9.0138824
9.0329368
9.0340604
9.0210988
9.0007606
8.9821483
8.9739291
8.9814595
9.0029609
9.0268037
9.0363009
9.0281681
9.0102575
8.9887558
8.9756144
8.9760959
8.9919526
9.0168585
9.0341139
9.0329769
9.0191325
8.9987943
8.980249
8.9740829
8.9831782
9.00581
9.0294924
9.0370433
9.0271916
9.0080839
8.9874517
8.9749122
8.9771459
8.9950291
9.0201959
9.0359331
9.0321609
9.016785
8.9962663
8.9797875
8.9747383
8.9852113
9.0088931
9.0309169
9.035826
9.0250849
9.0060507
8.9858266
8.9748787
8.9790719
8.9985001
9.0227374
9.0366955
9.0310306
9.0150929
8.9942265
8.9779283
8.9755943
8.9880871
9.0122973
9.0330571
9.0356388
9.0229781
9.0035963
8.984255
8.9743236
8.9801286
9.0010214
9.0254126
9.0364882
9.0303083
9.0129461
8.9921131
8.9776274
8.9762765
8.9904746
9.0151665
9.0348496
9.0356655
9.0223829
9.0023256
8.984168
8.9753268
8.9814662
9.0022252
9.025961
9.036963
9.0301478
9.0127253
8.9919192
8.9773933
8.9763968
8.9913307
9.0163569
9.0345152
9.0343613
9.0208981
9.0015364
8.9826766
8.9755676
8.9833588
9.0054488
9.0282684
9.036963
9.0281882
9.010097
8.989846
8.9767446
8.9769452
8.9935109
9.0186443
9.0351639
9.0331173
9.0184503
8.9989482
8.9819343
8.9757682
8.9851444
9.0080839
9.0296328
9.0356455
9.0249377
9.0068332
8.9871106
8.9757481
8.9784032
8.996681
9.0209851
9.0350569
9.0306962
9.0146849
8.9954905
8.980142
8.9752131
8.9855189
9.0088396
9.0298334
9.0342209
9.0232724
9.0047399
8.9854654
8.9746982
8.9793796
8.9981857
9.0217475
9.0348295
9.0292783
9.0123374
8.9928555
8.9775939
8.9747316
8.9864419
9.0111135
9.031452
9.0334785
9.0210587
9.000473
8.9823958
8.9739625
8.9793796
8.9989749
9.0232925
9.0348295
9.0275996
9.0097826
8.9897858
8.975708
8.9745577
8.9883813
9.0126652
9.0318065
9.0322947
9.0190656
8.9985736
8.981212
8.9728992
8.9799146
9.0004329
9.0241954
9.0342677
9.0266967
9.0090269
8.9879266
8.9735211
8.9745109
8.9900132
9.0141499
9.0321007
9.0313583
9.0171729
8.9972762
8.9788713
8.9721635
8.9804897
9.0024526
9.0251718
9.0336256
9.0246368
9.0060842
8.9861744
8.9746513
8.9761962
8.9917052
9.0158286
9.032074
9.0296462
9.0148254
8.9953768
8.9784032
8.9733138
8.9821884
9.003944
9.02669
9.0333113
9.0230316
9.0036832
8.9853049
8.9738488
8.976651
8.9937049
9.0181025
9.0324686
9.0290376
9.0137152
8.9937316
8.9772863
8.9729928
8.9842683
9.0071409
9.0283152
9.0324485
9.0209851
9.0024125
8.9834792
8.972859
8.9765239
8.9953233
9.0201023
9.0332177
9.0288971
9.0123508
8.9920061
8.9763768
8.9729928
8.9846428
9.0088129
9.0289439
9.032502
9.02045
9.0014427
8.9824827
8.972003
8.9773264
8.9964201
9.0211255
9.0331642
9.0267837
9.0098963
8.9899931
8.9749122
8.9728657
8.987124
9.0116151
9.0304822
9.031773
9.0187379
8.9983529
8.9803493
8.9726718
8.9789716
8.9996771
9.0241218
9.0334584
9.0258273
9.0082912
8.9880603
8.9741899
8.9734609
8.98901
9.0141566
9.0316928
9.0308434
9.0172465
8.9972829
8.9784232
8.9714947
8.9802356
9.0024994
9.0261617
9.0346355
9.0248909
9.0069001
8.9871641
8.9736348
8.9741498
8.9907622
9.0170592
9.0328164
9.0307497
9.0163034
8.9954905
8.977828
8.9720364
8.981941
9.0053485
9.0283086
9.0344015
9.0246903
9.0051144
8.9849772
8.9732402
8.9757749
8.9939256
9.0194736
9.0341741
9.0300943
9.0145445
8.9934908
8.9766911
8.9725848
8.9848435
9.0095084
9.0303953
9.034368
9.0226772
9.0024459
8.983011
8.9729125
8.9780755
8.9978714
9.0233393
9.0359397
9.0293318
9.012625
8.9918724
8.9761494
8.9742635
8.9872979
9.0120699
9.0324351
9.0336858
9.0207844
9.0010682
8.9819945
8.9724444
8.9792659
9.0005867
9.0251049
9.0358194
9.0287834
9.0112272
8.9906084
8.9752532
8.973802
8.9899062
9.01524
9.0334852
9.0332779
9.0202761
8.9996972
8.9814528
8.9735011
8.9818741
9.0038838
9.027506
9.0357725
9.0271381
9.0095285
8.9888495
8.9750259
8.9759889
8.9929491
9.0179688
9.0352642
9.0326291
9.0181427
8.9976574
8.9801219
8.9738756
8.9832585
9.0070138
9.029265
9.0356053
9.0257671
9.0070339
8.9867228
8.9744507
8.9766911
8.9952096
9.0213329
9.0360936
9.0324418
9.0165777
8.9952498
8.978022
8.9735679
8.9857463
9.0095218
9.0310173
9.03602
9.0247906
9.0051947
8.9850842
8.9742701
8.978236
8.9977778
9.0227039
9.035699
9.0303484
9.0141566
8.9931498
8.9778882
8.9744507
8.9874383
9.01209
9.0316928
9.035398
9.0228845
9.0032953
8.983847
8.974317
8.9795869
8.9994631
9.024717
9.0358194
9.0290576
9.0128123
8.9919593
8.9761895
8.9747048
8.989953
9.0154741
9.0333046
9.034368
9.0207844
9.000774
8.9824693
8.9733606
8.9801487
9.0021049
9.0266031
9.0363277
9.0282885
9.0107323
8.9902272
8.9762831
8.9757816
8.9909227
9.0159289
9.0342677
9.033124
9.0186041
8.9989013
8.9811318
8.9735144
8.9818875
9.0041714
9.027399
9.0352776
9.0260212
9.0076559
8.9878129
8.9748653
8.975922
8.993123
9.0178016
9.0337661
9.0312915
9.0166713
8.99743
8.9794598
8.9732335
8.9829977
9.0063183
9.0289105
9.0341808
9.0240415
9.0056829
8.9863616
8.9740361
8.9761761
8.9947816
9.0204701
9.035204
9.0300943
9.0140161
8.9938386
8.9781089
8.9733606
8.9849572
9.0088798
9.029887
9.0339065
9.0222224
9.003001
8.9839139
8.9738354
8.9779685
8.9971558
9.022015
9.0343814
9.0282283
9.0111871
8.9910632
8.9765507
8.9737351
8.9865957
9.01104
9.0307899
9.0327896
9.0203564
9.0004864
8.9820145
8.972859
8.9789716
8.9986204
9.0228644
9.0344617
9.0270244
9.0096154
8.989759
8.9750927
8.9736081
8.9880068
9.0129795
9.0319001
9.032094
9.0187178
8.9990685
8.9802557
8.9729326
8.9798745
9.0010749
9.0247639
9.0347894
9.0257403
9.0076224
8.9875788
8.9745845
8.9751997
8.9902941
9.0149324
9.0322011
9.0308099
9.0159088
8.9967679
8.9792592
8.9725514
8.9815263
9.0031749
9.0263958
9.0340202
9.0243157
9.0067329
8.9868699
8.9740628
8.9752064
8.9924275
9.0176544
9.0329033
9.0299137
9.0152935
8.9950157
8.9776474
8.972645
8.9828572
9.0056294
9.0277668
9.0334986
9.0231453
9.0043186
8.9844355
8.973267
8.9764236
8.99428
9.0192596
9.0337928
9.0296997
9.0140028
8.9940459
8.9775471
8.9728657
8.9853384
9.009154
9.0299003
9.0340604
9.0219482
9.0030545
8.9833588
8.972732
8.9771994
8.9969485
9.0216204
9.0344082
9.0285025
9.0121167
8.9913975
8.9759488
8.9728055
8.986074
9.0108126
9.0310507
9.0327963
9.0205504
9.0018775
8.9822687
8.9728122
8.9781356
8.9993494
9.0234998
9.0346556
9.0280611
9.0108795
8.9899329
8.9752532
8.9740628
8.988689
9.013655
9.0319937
9.0323883
9.0191927
8.9998243
8.9807506
8.972518
8.9800483
9.0014896
9.0254661
9.0355585
9.0266566
9.0093345
8.9891839
8.9745912
8.9742635
8.9905816
9.0163302
9.0331441
9.0323281
9.0180557
8.9981389
8.9800684
8.9723976
8.9812722
9.00478
9.0277601
9.0352776
9.0257203
9.007288
8.9868364
8.9735077
8.9737686
8.9925545
9.0180356
9.0342142
9.0315055
9.0160092
8.9955975
8.9777411
8.9718024
8.9823155
9.0073883
9.0295392
9.0348028
9.0243091
9.0056026
8.9848167
8.9729192
8.9759488
8.9949689
9.0207176
9.0348763
9.0305691
9.0145846
8.9939055
8.977293
8.9726584
8.9847432
9.0099365
9.031151
9.033853
9.022831
9.0038905
8.9836597
8.972304
8.9773933
8.9975236
9.0227708
9.0356722
9.0292917
9.0131133
8.9921466
8.9757481
8.9728457
8.9872912
9.0128925
9.0326425
9.033532
9.0214867
9.001309
8.9817403
8.9720565
8.9788245
9.0006669
9.0250046
9.0353712
9.027613
9.0101638
8.990274
8.9754806
8.9743638
8.9891036
9.0150662
9.0331441
9.0329568
9.0187111
8.9991889
8.9800818
8.972518
8.9807439
9.0029743
9.0270512
9.0354047
9.0268572
9.0086457
8.9881205
8.9741966
8.9746179
8.9918724
9.0173334
9.03396
9.0314787
9.0175608
8.9968214
8.9791722
8.9720097
8.9821884
9.0062179
9.0290175
9.0352509
9.0250046
9.0058902
8.9855992
8.9741029
8.9755676
8.9937717
9.0198147
9.0351974
9.0310774
9.0153203
8.9944673
8.9779885
8.9737084
8.9843085
9.0080638
9.029586
9.0347827
9.0230785
9.0038905
8.9841279
8.9729192
8.9767513
8.9954303
9.02148
9.0344817
9.0292382
9.0138021
8.9928221
8.9764236
8.9729794
8.9855457
9.0100702
9.0308567
9.0332043
9.0214131
9.0016969
8.9827903
8.9723909
8.977915
8.9978781
9.0233527
9.0345553
9.0275595
9.0107256
8.9903208
8.9751462
8.9730797
8.9879065
9.0135078
9.0316459
9.032609
9.0194268
8.9990886
8.981747
8.9730664
8.9796671
9.0009478
9.0256467
9.0353111
9.0268439
9.0090403
8.9887692
8.9744975
8.9743705
8.9892775
9.014705
9.0330371
9.0316794
9.0176946
8.9975036
8.9798276
8.9729928
8.9809044
9.0025329
9.0268706
9.0348362
9.0258674
9.0076692
8.9868097
8.9736281
8.9750927
8.9921399
9.0176879
9.0338129
9.0309704
9.0163569
8.9958918
8.9788111
8.9729058
8.9828706
9.0062915
9.0288436
9.0345352
9.0240683
9.0048001
8.9851444
8.9736749
8.9765841
8.9947147
9.0202494
9.0345486
9.0293051
9.0137553
8.993551
8.9767914
8.9731734
8.9851444
9.0087661
9.0303886
9.0338463
9.0220217
9.0024326
8.9835862
8.9735211
8.9775939
8.9979048
9.0225233
9.0351974
9.0285895
9.0119228
8.9920128
8.9771057
8.9740494
8.986696
9.0107858
9.0309704
9.0327629
9.0209048
9.0014026
8.9823021
8.9724377
8.9786105
8.9991087
9.0232657
9.0346556
9.0273789
9.0103578
8.9908358
8.9758016
8.9739893
8.9879801
9.0132336
9.0319202
9.0319402
9.0189853
8.9990017
8.9805767
8.9719361
8.9787442
9.001115
9.0253323
9.0345486
9.0255798
9.0083246
8.9875989
8.973588
8.9741832
8.9903944
9.0158754
9.0324686
9.0309972
9.016163
8.9970755
8.9790719
8.9722839
8.9817805
9.0056829
9.0277133
9.0344282
9.0243425
9.0061176
8.9863215
8.9737686
8.9750994
8.9928154
9.0181493
9.0332979
9.0299471
9.0147786
8.9949622
8.9780688
8.972411
8.9831782
9.0074552
9.0294924
9.0342409
9.0232323
9.0044389
8.9844288
8.9737151
8.9760624
8.9953367
9.0203497
9.0340737
9.0289105
9.0130597
8.9931698
8.9764169
8.9729794
8.9853919
9.0102642
9.0308434
9.0340069
9.0215803
9.0024326
8.9833588
8.9725648
8.9768115
8.9977644
9.0229581
9.0349165
9.0285828
9.0110065
8.9907087
8.9756344
8.9737886
8.9876189
9.0131199
9.0318867
9.0330036
9.0198214
9.0001119
8.9806235
8.9718693
8.9793863
9.0008475
9.0250648
9.0351907
9.0269977
9.0096756
8.9896587
8.9749924
8.9741297
8.9894848
9.0150662
9.0327027
9.0318666
9.0185038
8.9987074
8.9807305
8.9734409
8.9820212
9.0034692
9.0266967
9.0348228
9.0260212
9.0078498
8.9878062
8.97421
8.9748386
8.9910832
9.0173066
9.0335989
9.0312045
9.0164038
8.9967947
8.9788847
8.9727587
8.9828305
9.0056294
9.0288704
9.0350368
9.0250782
9.0062447
8.9852581
8.9733405
8.9756812
8.9937851
9.0196742
9.0343346
9.0302749
9.0152066
8.994795
8.9775939
8.9725581
8.9844757
9.0091138
9.0306093
9.0342276
9.0232925
9.004051
8.9843085
8.9729058
8.9764637
8.9967545
9.0234396
9.0357926
9.0297398
9.0134142
8.9920998
8.9764035
8.9736816
8.9865021
9.011983
9.0320874
9.0332779
9.0211389
9.0017972
8.9819209
8.9725848
8.9782895
8.9996972
9.0245164
9.0352174
9.027934
9.0104447
8.9902004
8.9755007
8.9745109
8.9886823
9.0146247
9.0329434
9.0324686
9.0198347
8.9990752
8.9806101
8.972752
8.980483
9.0023456
9.0260613
9.0352107
9.026563
9.0087059
8.9883278
8.9746246
8.9751462
8.9915647
9.0170391
9.0336992
9.0317797
9.0172398
8.9973163
8.9796203
8.9733405
8.9819677
9.0049807
9.0278738
9.0344817
9.0248642
9.0069871
8.9869167
8.9739558
8.9756879
8.9932768
9.018865
9.0336791
9.0306828
9.0153939
8.9957714
8.9789248
8.9728858
8.9832518
9.0071008
9.0293452
9.035184
9.0236469
9.0046262
8.9848903
8.9730797
8.9765841
8.9954103
9.020323
9.034562
9.0295793
9.0135547
8.9925545
8.9763968
8.9723775
8.9855457
9.0101438
9.0309504
9.0337728
9.0213128
9.0024392
8.9838002
8.9733807
8.9776675
8.9981657
9.0231453
9.0348629
9.0284423
9.0119295
8.9920061
8.976136
8.9736214
8.987532
9.0126718
9.0321342
9.032589
9.0200086
9.0006268
8.9817136
8.9731265
8.9796404
9.000366
9.0246368
9.0350837
9.0274257
9.009388
8.9899396
8.9756144
8.9744641
8.9893644
9.0145779
9.0327829
9.0320004
9.0180892
8.9990083
8.9807773
8.9728724
8.9807037
9.00266
9.0258607
9.0350368
9.0261483
9.0083648
8.9876657
8.9747316
8.9748052
8.99113
9.0163636
9.0329234
9.0316125
9.0171328
8.997216
8.9792391
8.9726985
8.9818005
9.0044189
9.0277534
9.03499
9.0248107
9.0059036
8.9861877
8.9733004
8.9754204
8.9935577
9.0188917
9.0334785
9.0304755
9.015133
8.994708
8.9777009
8.9726183
8.983439
9.0069469
9.0292783
9.0341607
9.0233393
9.0037902
8.9843352
8.9732335
8.9771057
8.9958985
9.020751
9.0339467
9.029372
9.0128257
8.9922068
8.9766978
8.9732737
8.985325
9.010418
9.0312513
9.033318
9.0209851
9.0021784
8.983011
8.9736348
8.9780621
8.9985335
9.023346
9.0348897
9.0277267
9.0112205
8.991324
8.976564
8.9744975
8.987532
9.0131935
9.031452
9.0328832
9.0196341
8.999938
8.9817069
8.9730797
8.9793863
9.0001453
9.0249177
9.0349833
9.0270779
9.0096689
8.9888695
8.9751462
8.974765
8.9895651
9.0152668
9.0330638
9.0321342
9.0186242
8.9980854
8.9800818
8.9725648
8.9815531
9.0036096
9.0270445
9.0347492
9.025446
9.0073883
8.98691
8.9742835
8.9751864
8.9922536
9.0176076
9.0339132
9.0314119
9.0161162
8.9960055
8.9787576
8.9732603
8.9830378
9.0063316
9.0288369
9.0345486
9.0241552
9.0052014
8.9844221
8.9734342
8.9767045
8.9948685
9.0199016
9.0348629
9.0299471
9.0143171
8.9940994
8.9778681
8.973394
8.9844288
9.0085253
9.0299739
9.0336524
9.0222558
9.0030077
8.9835394
8.9728992
8.9776608
8.9974166
9.0221221
9.0349633
9.0287098
9.0122839
8.9917119
8.9767847
8.9737953
8.9869033
9.0118559
9.0323148
9.0333982
9.0210854
9.0010749
8.982155
8.9731533
8.9791856
9.0005733
9.0251986
9.0354047
9.0277334
9.0104982
8.9893043
8.9750392
8.9742501
8.9896253
9.0149056
9.0327896
9.0323482
9.0185974
8.998995
8.9810248
8.9733138
8.9802824
9.0021584
9.0266365
9.0348763
9.0260747
9.0086457
8.9880871
8.974424
8.9754539
8.9914444
9.0168987
9.0337393
9.0313249
9.0173133
8.9973497
8.9792525
8.9726517
8.9821282
9.0058434
9.0281748
9.0344951
9.0247973
9.0065858
8.9863482
8.9734877
8.9757615
8.9942934
9.0192863
9.034261
9.0302548
9.0147853
8.9954972
8.9776608
8.9729593
8.9837467
9.0084116
9.0305156
9.0344483
9.0231386
9.0042182
8.9847432
8.9728724
8.9762096
8.9961593
9.0217609
9.0348028
9.0298
9.0133206
8.9931966
8.9769519
8.9729393
8.985325
9.0104113
9.0309036
9.0337795
9.021801
9.0020915
8.9820145
8.9718893
8.9776541
8.9988947
9.0234797
9.0353177
9.028128
9.011254
8.9901269
8.9754606
8.9736281
8.9877192
9.0130531
9.0323683
9.0331909
9.0194334
9.0001921
8.9806235
8.9721568
8.979413
9.0015631
9.0252454
9.0350302
9.0270445
9.0089667
8.9885017
8.9741564
8.9737017
8.9898125
9.0160159
9.0337928
9.0321208
9.0180557
8.9983596
8.9796939
8.9720899
8.9808041
9.0038705
9.0275795
9.0343747
9.0251317
9.0066593
8.9872377
8.9741096
8.9749389
8.9919326
9.0181159
9.0339667
9.0309704
9.016698
8.9957246
8.9782226
8.972411
8.982476
9.0062581
9.0289105
9.0344349
9.0238208
9.0053218
8.9848769
8.9735345
8.9759889
8.9947682
9.0200755
9.0347827
9.0299538
9.0145712
8.9939657
8.9769051
8.9725113
8.9840142
9.0089868
9.0303016
9.0336791
9.0222692
9.0032619
8.9833789
8.9727988
8.9769319
8.9965205
9.0218478
9.0348696
9.0287834
9.0119897
8.9916717
8.976223
8.9728122
8.9860005
9.0110667
9.0314921
9.033231
9.0209115
9.0014227
8.9815999
8.9727988
8.9787576
8.9988411
9.0236269
9.0355385
9.0277066
9.0097425
8.9899998
8.9749122
8.9740896
8.9882743
9.0132671
9.0322612
9.0316861
9.018778
8.9991689
8.9801955
8.9720766
8.9796003
9.001309
9.0257269
9.0347024
9.0255664
9.0080839
8.9882008
8.9736147
8.9745711
8.9903409
9.0163569
9.0332243
9.0312848
9.0167449
8.9967211
8.9789917
8.9720565
8.9813591
9.0040042
9.0274792
9.0342209
9.0244696
9.0059972
8.9862145
8.9744975
8.9758284