13-jul-17 12:20:00 p.m.
9.0037367
8.9955173
8.9966609
9.0062514
9.0158955
9.0138088
9.0035628
8.9954905
8.9963332
9.006238
9.0161296
9.013548
9.0032351
8.9949622
8.995972
9.0058702
9.0159624
9.0134008
9.0033622
8.9950826
8.9965271
9.0062648
9.0163034
9.0141298
9.0033354
8.9951427
8.9966007
9.0061845
9.0160025
9.0139426
9.0034157
8.9946278
8.9961125
9.0061778
9.0159423
9.0140964
9.0034826
8.9947615
8.995651
9.0060106
9.0159022
9.0143572
9.0035428
8.9945275
8.9959185
9.0059437
9.0159022
9.0145378
9.0032418
8.9946345
8.995865
9.0053418
9.0156413
9.0139559
9.0029943
8.9948284
8.9956042
9.0047867
9.0152668
9.0136082
9.0036364
8.9953166
8.9958249
9.0053218
9.0151263
9.0131199
9.0034291
8.9949354
8.9954972
9.0053686
9.015648
9.013461
9.0035428
8.9953969
8.9959319
9.0056628
9.0155209
9.0136951
9.0036297
8.9947549
8.9955574
9.0054956
9.0153604
9.0136817
9.0034224
8.9946612
8.995631
9.0052816
9.0158152
9.0137352
9.0033689
8.9949622
8.9957915
9.0051077
9.0154942
9.0136149
9.0036297
8.9955173
8.9957781
9.0048469
9.0159356
9.0137553
9.0038705
8.9959052
8.9958048
9.0050275
9.0161362
9.0141766
9.0042517
8.9955507
8.9956912
9.0051479
9.0156948
9.0138289
9.004138
8.9954504
8.9958316
9.0052482
9.0154006
9.0138623
9.0044991
8.9958717
8.9959921
9.0053953
9.0157617
9.0138422
9.0038437
8.9955173
8.9961392
9.0057498
9.0161831
9.0147384
9.0039641
8.9952029
8.9954437
9.0057097
9.0164171
9.0144375
9.0039975
8.9953768
8.9959252
9.0059103
9.0162098
9.0143907
9.0041848
8.9953501
8.9962329
9.0060106
9.01627
9.0148254
9.0042918
8.9957045
8.9965539
9.0060374
9.0159557
9.0143773
9.0046061
8.9962529
8.9965338
9.0058367
9.0162633
9.0147986
9.0047332
8.9964201
8.9965205
9.0060842
9.015735
9.014812
9.0047399
8.9960322
8.9966609
9.0059972
9.0160225
9.0148923
9.0045393
8.9961526
8.9962195
9.0064855
9.0161764
9.0151598
9.004653
8.9960991
8.9968749
9.0063183
9.0166245
9.0150193
9.0051612
8.9957982
8.9967211
9.0064386
9.0163636
9.0150996
9.0050609
8.9960523
8.9966341
9.0066861
9.0166913
9.0151263
9.0056227
8.9967478
8.997022
9.0062714
9.016484
9.0152935
9.0054087
8.9963666
8.9962462
9.00581
9.0164506
9.0152467
9.0055692
8.9969485
8.9959119
9.0055558
9.0162901
9.0149324
9.0057297
8.9971491
8.9964937
9.005509
9.0165108
9.0146181
9.0057966
8.9972427
8.9963131
9.0057097
9.0161697
9.0147251
9.0054154
8.9966676
8.996594
9.0055893
9.0163503
9.0148455
9.005489
8.9972361
8.9964335
9.0052682
9.0163101
9.0149792
9.0056628
8.9971892
8.9968415
9.0056227
9.0163101
9.0149658
9.0052616
8.9971357
8.9970889
9.0056227
9.0164105
9.0151531
9.0051813
8.9971023
8.9966943
9.0054555
9.0159891
9.0148187
9.0052281
8.9971424
8.9966609
9.0050208
9.015842
9.0148321
9.0056829
8.9970622
8.9966007
9.0054756
9.0158888
9.014598
9.0053619
8.9971892
8.9970354
9.0054555
9.015862
9.0147585
9.0053084
8.9974969
8.996915
9.0054354
9.0158754
9.0143706
9.0050141
8.9974233
8.9973364
9.0056562
9.0159423
9.0147451
9.0047867
8.9970822
8.9974902
9.00583
9.0159958
9.0143974
9.0046396
8.997002
8.9979182
9.0056695
9.0158687
9.0146916
9.004459
8.9969685
8.9984399
9.0064988
9.0161429
9.0149591
9.0046864
8.9968281
8.9979583
9.0062714
9.0163636
9.0150795
9.0046931
8.9970087
8.9983329
9.0065791
9.0160426
9.0152735
9.004974
8.9973029
8.9978848
9.0062179
9.0162299
9.0151799
9.0047466
8.9970354
8.997537
9.0057899
9.0156681
9.0145177
9.0042851
8.9966943
8.9974033
9.0065657
9.0158754
9.0149792
9.0043453
8.9965004
8.9978045
9.0059839
9.0159022
9.0145646
9.0048937
8.9969552
8.9979182
9.006024
9.0162432
9.0146849
9.0045192
8.9968348
8.9976373
9.005703
9.0155678
9.0148321
9.0041781
8.9970622
8.9971157
9.0056963
9.0157216
9.0142368
9.0036966
8.996681
8.9973364
9.0057765
9.0154674
9.0140763
9.0042383
8.996594
8.9973631
9.0059103
9.0156413
9.0146582
9.0042651
8.9964937
8.9972026
9.0055826
9.0155611
9.0142034
9.0042049
8.996574
8.9970354
9.0056026
9.0154541
9.0143305
9.0044323
8.9967545
8.997022
9.0053953
9.0156815
9.0141499
9.0042717
8.9966743
8.9971491
9.0051211
9.0157483
9.0140897
9.0043721
8.9966275
8.9973297
9.0055157
9.0156748
9.014083
9.0039975
8.9967345
8.9973765
9.0056093
9.0153069
9.0141298
9.00371
8.9964669
8.9975169
9.0056562
9.0156614
9.0140295
9.0036498
8.9967278
8.9973564
9.0057565
9.0157751
9.0143037
9.0038972
8.9967478
8.9974701
9.0054689
9.0159624
9.0138891
9.0041246
8.9967278
8.9968816
9.0056026
9.0158754
9.0142703
9.0040042
8.9965806
8.9969552
9.0057097
9.0162901
9.0138824
9.0038237
8.9966943
8.997022
9.0053953
9.0153872
9.0137887
9.0032084
8.9962396
8.9969351
9.0055826
9.0159222
9.0138757
9.0040377
8.9966542
8.9970087
9.0055558
9.0158687
9.0141031
9.0042517
8.9966743
8.9968013
9.0058635
9.0156079
9.0139894
9.0040377
8.9962931
8.9966275
9.0057297
9.0157149
9.0138088
9.0039641
8.9965071
8.997022
9.0057832
9.0157885
9.0139493
9.0034625
8.9960657
8.996701
9.0059103
9.0158219
9.0139894
9.004031
8.9959988
8.9966275
9.0060507
9.0161964
9.0141365
9.0039507
8.9958115
8.9969752
9.0060039
9.0162566
9.0144642
9.0045794
8.9962663
8.9969752
9.0065122
9.0166913
9.0147117
9.0043119
8.9955708
8.9965138
9.0061042
9.0158955
9.0146181
9.0047198
8.9956176
8.9971424
9.0063651
9.016484
9.0148321
9.0047198
8.9961526
8.9967412
9.0061577
9.0166178
9.0151197
9.004994
8.9963533
8.9967947
9.0061979
9.0165442
9.0148254
9.0053284
8.9968281
8.9971759
9.0067463
9.0170124
9.0152735
9.0052081
8.9967345
8.9968682
9.0067396
9.0167181
9.0154808
9.0054288
8.9964669
8.996788
9.0065323
9.0168987
9.0153939
9.0056093
8.9967478
8.9969083
9.0070205
9.0166579
9.0155744
9.0060039
8.9969017
8.9970354
9.0067664
9.0167114
9.0155209
9.0059571
8.9968816
8.9968147
9.006666
9.016377
9.0155544
9.0062179
8.9965873
8.9968348
9.00688
9.0167783
9.0158018
9.0060909
8.9966609
8.9972695
9.006646
9.0166579
9.0155076
9.00583
8.996574
8.9972026
9.0067998
9.0167382
9.015842
9.005937
8.9967679
8.9968816
9.0069536
9.0168987
9.0157617
9.0060775
8.9967412
8.9973029
9.0067864
9.0168519
9.0159356
9.0063316
8.9970956
8.9969418
9.0063517
9.0162098
9.0154273
9.0058769
8.9968816
8.9973163
9.0067664
9.0167984
9.0157617
9.0062313
8.9972561
8.9974568
9.006432
9.0165643
9.015735
9.0057899
8.9972427
8.9973431
9.0065456
9.0166312
9.0154273
9.0061711
8.9973966
8.9969685
9.0060641
9.0167515
9.0158219
9.0061444
8.9975905
8.9969953
9.0059972
9.0169321
9.0161429
9.006559
8.9975571
8.9968147
9.0057565
9.0165241
9.0155878
9.0064988
8.9975704
8.9970421
9.0056227
9.0162901
9.0158152
9.0060775
8.9968749
8.9962864
9.0046061
9.0160694
9.0153671
9.0060641
8.998072
8.9972829
9.0056026
9.0169121
9.0159757
9.0064855
8.9978915
8.9974835
9.0062313
9.0161296
9.0157283
9.0063049
8.996788
8.9963867
9.0056227
9.0160894
9.0154875
9.0055625
8.9971491
8.9972227
9.0053819
9.0161229
9.0155611
9.0056495
8.99743
8.9968883
9.005509
9.0161362
9.0152534
9.0055491
8.9969418
8.9968415
9.0054689
9.0161229
9.0155276
9.0056628
8.9970689
8.997002
9.0051679
9.0155076
9.0150728
9.0050275
8.9965806
8.996788
9.0053819
9.0155009
9.0151197
9.0054221
8.9964402
8.9965205
9.0055491
9.0159624
9.0148923
9.004459
8.9962663
8.9965873
9.0053284
9.0156815
9.0145378
9.0048536
8.9967545
8.996059
9.005081
9.0156346
9.0145579
9.0052081
8.9965271
8.9959185
9.0051077
9.0156012
9.0146916
9.0054555
8.9967612
8.995952
9.0049539
9.0158687
9.0147719
9.0050007
8.9964803
8.9959988
9.0049405
9.0160426
9.0143505
9.0050676
8.9963533
8.9956644
9.0051746
9.0158219
9.014812
9.0047533
8.9959386
8.9957915
9.0052482
9.0161964
9.0149725
9.0050676
8.9955507
8.9957179
9.005188
9.0155945
9.0146381
9.0047198
8.9956376
8.9957647
9.0049272
9.0160225
9.015006
9.0053753
8.9962596
8.9955306
9.0047466
9.0156346
9.0146047
9.0050743
8.9960523
8.9953166
9.0047733
9.0155678
9.0147451
9.0050944
8.9960055
8.9956376
9.0047867
9.0153203
9.0149859
9.0050342
8.996487
8.9961392
9.004546
9.0152334
9.0145445
9.0052616
8.9968816
8.9962931
9.0049606
9.0157617
9.0144642
9.0049004
8.9960255
8.9964001
9.0049405
9.0155878
9.0145779
9.00476
8.9962931
8.9961326
9.0046596
9.0154006
9.0144575
9.0058702
8.9968883
8.996594
9.0043921
9.0154139
9.0147518
9.0053151
8.9960523
8.9957246
9.0046262
9.0154875
9.0148053
9.0050141
8.9964669
8.9959052
9.0045393
9.0155276
9.0147184
9.0054421
8.9962864
8.9956243
9.0044523
9.0153604
9.0149391
9.0060106
8.9965004
8.9956778
9.0043988
9.0152066
9.015006
9.0056896
8.9973966
8.9966676
9.0046931
9.015735
9.0149658
9.0055692
8.9966609
8.9957313
9.0047867
9.0154206
9.0152467
9.0057899
8.9966074
8.9958517
9.0049138
9.0157684
9.0155143
9.0061243
8.9968281
8.9961192
9.0048402
9.015434
9.0150795
9.0059437
8.996166
8.9962797
9.0047466
9.015628
9.0158821
9.0059504
8.9968348
8.9959185
9.0047065
9.0161964
9.0156614
9.0059571
8.9963666
8.9957714
9.0051746
9.0158152
9.0156547
9.0059638
8.9962061
8.9958717
9.0050542
9.0161496
9.0155811
9.0062648
8.9964669
8.9952297
9.0051813
9.0157818
9.0155076
9.0064119
8.9964001
8.9953501
9.0051746
9.015755
9.0156079
9.0066794
8.9966542
8.9955641
9.0053418
9.015628
9.0156948
9.0062714
8.9966408
8.996059
9.0049673
9.0156079
9.0156681
9.0060307
8.9965071
8.9957513
9.0045259
9.0159222
9.0158085
9.006345
8.9969886
8.9954771
9.0042116
9.0161296
9.0160025
9.0067864
8.997624
8.995972
9.0046998
9.01627
9.0161897
9.006666
8.9975838
8.9963466
9.0047733
9.0163101
9.0160426
9.0065189
8.9979115
8.9961794
9.0043788
9.0160092
9.0159356
9.0066259
8.9983396
8.9958517
9.0042383
9.015949
9.0162432
9.0073415
8.9975303
8.9961326
9.0046596
9.0157952
9.0161229
9.0070272
8.9981924
8.9961994
9.0044791
9.015628
9.0159289
9.0071208
8.9985068
8.9966341
9.0044189
9.0157149
9.0159222
9.0069804
8.9984934
8.9967478
9.0043654
9.0160025
9.0159356
9.0071409
8.9984599
8.996594
9.0042049
9.0155276
9.015949
9.0061377
8.9981255
8.9967077
9.0044189
9.0155009
9.0158888
9.0062313
8.9977845
8.9966208
9.004459
9.0157082
9.0161362
9.0064386
8.9976708
8.9968883
9.0051011
9.0159222
9.0160025
9.0062514
8.9975103
8.9968548
9.0053485
9.0161028
9.0161028
9.0067597
8.9974367
8.997022
9.0054354
9.015969
9.0165576
9.0062113
8.9973497
8.996594
9.0053084
9.0158085
9.0160292
9.0064386
8.9968548
8.9967947
9.0055224
9.0158754
9.0161697
9.006452
8.9970755
8.9969083
9.0053819
9.0158018
9.01627
9.0065256
8.9974166
8.9968548
9.0059504
9.0164372
9.0164439
9.0070874
8.9974166
8.996079
9.0052081
9.0157751
9.0160627
9.0066995
8.9970889
8.9963733
9.0050609
9.0160359
9.0162098
9.007074
8.9972427
8.9957714
9.0045058
9.0160827
9.0160426
9.0071275
8.9978313
8.9961794
9.00476
9.0158687
9.0156614
9.0068667
8.9975972
8.9955039
9.0042049
9.015842
9.0159624
9.0069336
8.9976106
8.9960456
9.0042851
9.0158286
9.015842
9.0070071
8.9978647
8.9965004
9.0044189
9.0155209
9.0155811
9.0067998
8.9980319
8.9964001
9.0041246
9.0149257
9.0155076
9.0070138
8.9979717
8.9963131
9.0040377
9.0150662
9.0151531
9.0065992
8.9978982
8.9967345
9.0041313
9.015113
9.0153537
9.0064386
8.998072
8.9964536
9.0042116
9.0148588
9.0150996
9.0054823
8.997838
8.9965472
9.0044924
9.0151063
9.0156748
9.0060574
8.9974701
8.9965071
9.0046663
9.0153203
9.0149993
9.0059638
8.997002
8.9962529
9.0047733
9.0151999
9.0155744
9.0060708
8.9966341
8.9961326
9.0043587
9.0150662
9.0151197
9.0054421
8.9963666
8.9957246
9.0041781
9.0153136
9.0150795
9.0053351
8.9966408
8.995544
9.0038638
9.015026
9.0151732
9.0054488
8.9963064
8.9957714
9.0040711
9.0147919
9.0151932
9.0051211
8.9961326
8.995524
9.0039173
9.0150528
9.0146649
9.0050676
8.9964736
8.995544
9.003924
9.0149458
9.0153671
9.005596
8.9960991
8.9953033
9.0039173
9.0148388
9.015006
9.0055358
8.9959988
8.9954169
9.0034224
9.0144776
9.0152066
9.0055491
8.9965004
8.995845
9.0040109
9.014899
9.0152334
9.0057899
8.9964134
8.99533
9.0034424
9.0145512
9.0154474
9.0061511
8.9969552
8.9954036
9.0031348
9.0144977
9.0149993
9.0062982
8.9973832
8.9956978
9.0034224
9.0144642
9.0148187
9.0061577
8.9979851
8.9959185
9.0037166
9.014384
9.014598
9.0059237
8.9976173
8.9964937
9.0042717
9.0151999
9.0157216
9.0058969
8.9978112
8.996701
9.0039775
9.0150327
9.0154006
9.0062179
8.9980787
8.9968682
9.0039641
9.0151732
9.01524
9.0062915
8.9975771
8.9968482
9.0041246
9.0148388
9.0153404
9.0062046
8.9977176
8.9964001
9.0043453
9.0152668
9.0152133
9.0064855
8.997644
8.9962128
9.0044122
9.0150394
9.015113
9.0065523
8.9975771
8.9965205
9.0038303
9.014919
9.0148789
9.0057297
8.9971224
8.996681
9.0039909
9.015006
9.0152869
9.0054354
8.9967813
8.9958583
9.0039775
9.0146649
9.0147719
9.0056762
8.9971625
8.9959921
9.004031
9.0144509
9.014812
9.00581
8.9967746
8.9963399
9.0042383
9.014384
9.0154139
9.0061711
8.997129
8.9966408
9.0044858
9.0150461
9.0153604
9.0061845
8.9974033
8.9962997
9.004138
9.014812
9.0151799
9.0059036
8.9975771
8.9962061
9.0044657
9.0147986
9.0153471
9.0062113
8.997537
8.9959854
9.0040644
9.0147652
9.014511
9.0060775
8.9972093
8.995758
9.0039708
9.0149056
9.0149056
9.0063718
8.9973029
8.9954771
9.0039106
9.0149926
9.0154006
9.0062113
8.9970956
8.9955306
9.0037835
9.0146849
9.014919
9.0064988
8.9978447
8.9960255
9.0039909
9.0144776
9.0156213
9.0071543
8.9982593
8.9965873
9.0049004
9.0161362
9.015755
9.0076224
8.9986606
8.9963399
9.0048603
9.0157818
9.0156547
9.0072345
8.9981255
8.9967947
9.0049405
9.0159356
9.015842
9.0072746
8.9981255
8.9964001
9.0047667
9.0159423
9.0157216
9.0069269
8.9980185
8.996574
9.0044724
9.0153939
9.0158286
9.0071877
8.9980252
8.9966341
9.0050275
9.015648
9.0160694
9.0073883
8.9983396
8.9969351
9.0052281
9.0159222
9.0158085
9.0073014
8.9979918
8.9966743
9.0054488
9.0157818
9.0158687
9.0072078
8.9977577
8.9972227
9.0060641
9.0157684
9.0161028
9.0069202
8.997945
8.9970889
9.0050275
9.0154607
9.0159289
9.0074753
8.9984265
8.9973364
9.0047733
9.0155678
9.0159289
9.0075823
8.9986405
8.9970287
9.0045393
9.0152869
9.0157283
9.0074218
8.9986338
8.9967746
9.0043654
9.0154541
9.0154541
9.0075288
8.9985937
8.9972294
9.0046128
9.0151397
9.0150662
9.0071543
8.9980119
8.9967612
9.0044991
9.0149591
9.0150595
9.0065657
8.9978447
8.9961727
9.0039842
9.0147451
9.0159824
9.0068199
8.9980185
8.9966007
9.0044858
9.0145646
9.01522
9.0067396
8.9981991
8.997022
9.0040912
9.0149658
9.015327
9.0065256
8.9979583
8.996574
9.0042182
9.0143305
9.0149458
9.0061577
8.9979985
8.9965338
9.0045727
9.0151263
9.015434
9.0063918
8.9975838
8.9964937
9.0043186
9.0156079
9.0161362
9.0069001
8.9982058
8.9969418
9.0046195
9.0155945
9.0160961
9.0070673
8.9983396
8.9973765
9.0046128
9.0155611
9.0157952
9.0070406
8.9985469
8.9969284
9.0051211
9.0154875
9.0159222
9.0071743
8.9985335
8.9971224
9.004994
9.0156012
9.0159022
9.0064186
8.99848
8.9974166
9.0049807
9.0155744
9.0156881
9.0066326
8.9978647
8.9971959
9.0049606
9.0154674
9.0156213
9.0068867
8.9986338
8.9970488
9.0040377
9.0149859
9.0152467
9.0063718
8.9981657
8.9966475
9.004352
9.0150461
9.0153337
9.0065724
8.9983797
8.9963666
9.0035093
9.0150929
9.0152534
9.0061711
8.9979717
8.9967211
9.0040577
9.0149324
9.0147117
9.0056093
8.9980252
8.9964736
9.0041514
9.0150795
9.0152802
9.0062447
8.9979851
8.9964134
9.0045259
9.0152133
9.0148187
9.0058835
8.9976106
8.9965138
9.0044456
9.0153738
9.0148856
9.00581
8.9975838
8.996788
9.0046396
9.0153203
9.0153471
9.0060374
8.9976039
8.9964134
9.0041447
9.0151397
9.0152534
9.0061644
8.9977644
8.9964603
9.0040176
9.0152668
9.0152534
9.0064721
8.9978112
8.9963666
9.004459
9.0148789
9.0151397
9.005489
8.9973698
8.9964669
9.0042651
9.0149257
9.0149123
9.0054288
8.9975437
8.9967211
9.0042851
9.0151732
9.0151598
9.0054354
8.997644
8.9964402
9.0037434
9.01524
9.0150996
9.0055625
8.9973297
8.9960389
9.003817
9.0151464
9.0151531
9.0060173
8.9976373
8.9962128
9.0042918
9.0154072
9.0157483
9.0060039
8.998052
8.9962061
9.0038838
9.0149725
9.0150127
9.0059103
8.9979048
8.9964803
9.003944
9.0152601
9.0147853
9.0054354
8.9977176
8.9965138
9.0039842
9.015327
9.0149926
9.0056294
8.997644
8.9964001
9.0041982
9.0156547
9.0152467
9.0056963
8.9977042
8.9966341
9.0042182
9.0155076
9.0152869
9.0055491
8.9976775
8.9957915
9.0042517
9.0154607
9.0156413
9.0060775
8.997644
8.9964335
9.0044389
9.0154674
9.0154474
9.0057698
8.9971023
8.9962931
9.0040845
9.0156681
9.0155143
9.0056829
8.9977042
8.9963265
9.0043186
9.0153872
9.0155343
9.0056562
8.9972896
8.9961326
9.0044256
9.0156346
9.015133
9.0053753
8.9969017
8.9960657
9.0039708
9.0153471
9.0154674
9.0059103
8.9975036
8.9959587
9.0042182
9.0157416
9.0159356
9.0062581
8.9971224
8.9955775
9.0039307
9.0152334
9.0152133
9.0058568
8.997129
8.9955373
9.0038705
9.0154541
9.0153337
9.0057966
8.9968749
8.9959854
9.003817
9.0149725
9.0153203
9.005937
8.9969685
8.9956577
9.0037033
9.0149257
9.0154407
9.0061444
8.9971157
8.9956978
9.0035896
9.015113
9.0154407
9.0059237
8.9971759
8.9959252
9.0038237
9.0150795
9.0154072
9.0056227
8.9973497
8.9962931
9.0035428
9.0144509
9.0153404
9.0056227
8.9971558
8.9961192
9.0034558
9.0152066
9.0153136
9.0056963
8.9969485
8.995758
9.0036698
9.0157082
9.0151063
9.0054555
8.9972962
8.9958517
9.0039909
9.0154808
9.0155276
9.0060976
8.9969351
8.9955775
9.003409
9.0149391
9.015541
9.0061711
8.9974634
8.996079
9.0036498
9.0150862
9.0153404
9.0059504
8.9972896
8.9957848
9.0036163
9.0150728
9.0151464
9.0061711
8.9972962
8.99533
9.0041915
9.0156547
9.0156146
9.0064788
8.9972227
8.9953768
9.0041313
9.0158687
9.0160627
9.0060641
8.9970154
8.9950424
9.0038237
9.0153537
9.0159155
9.0066326
8.9965472
8.9951561
9.0038103
9.0154273
9.0156881
9.0062781
8.9967746
8.9950491
9.0039975
9.0153939
9.0158888
9.006539
8.9967813
8.9951294
9.0040243
9.0153805
9.015735
9.0063183
8.99638
8.9949822
9.0040711
9.0156213
9.0157149
9.0062982
8.9965606
8.9951628
9.0039173
9.0152467
9.0158018
9.0065055
8.9964068
8.9954103
9.0039909
9.01524
9.0157684
9.0062113
8.9964402
8.9953434
9.004158
9.0150327
9.0158219
9.0059972
8.9968749
8.9952765
9.0039842
9.0149458
9.0161697
9.0062781
8.9970287
8.995651
9.0035896
9.0149525
9.016076
9.0064119
8.9969485
8.9955574
9.0034759
9.0146448
9.0159891
9.0065523
8.997216
8.9955574
9.0036966
9.015006
9.0157082
9.0061511
8.9972762
8.995631
9.0038972
9.0151397
9.0157483
9.0065925
8.9969351
8.9957179
9.0030144
9.0147518
9.0155209
9.0061778
8.9969485
8.9954236
9.0030612
9.0146582
9.0153872
9.0059638
8.9969619
8.9951427
9.0028138
9.0145913
9.0153872
9.0064788
8.9971959
8.9953233
9.0031682
9.0145177
9.0161496
9.0065055
8.9973832
8.9957112
9.0035762
9.0147652
9.0158286
9.0066259
8.9972294
8.995009
9.0028071
9.0147117
9.0159557
9.0064253
8.9968415
8.9946211
9.0029943
9.0148053
9.0158821
9.0064052
8.997216
8.9952096
9.0028539
9.0150862
9.0156012
9.006666
8.9971491
8.9946077
9.0030612
9.0150728
9.0156346
9.0068867
8.9970354
8.9950424
9.0028807
9.0144575
9.0157283
9.0064386
8.9968482
8.9949421
9.0032886
9.0146515
9.0154273
9.0066058
8.9971892
8.9951026
9.002874
9.0150394
9.0160827
9.0068065
8.9969619
8.9948217
9.0026265
9.0146381
9.0157617
9.006432
8.9973096
8.9952096
9.002874
9.0150662
9.0156547
9.0064921
8.9971157
8.9951896
9.0032619
9.0150662
9.0155544
9.0065456
8.9973163
8.9951093
9.0029542
9.0147652
9.0154206
9.0062848
8.9969485
8.9954571
9.0026666
9.0146716
9.0153404
9.0061176
8.9972093
8.9953033
9.0026666
9.0146849
9.0153203
9.0065858
8.9976641
8.9955574
9.0032084
9.0144509
9.0151263
9.006024
8.9966341
8.9955775
9.0034491
9.0140696
9.0154741
9.0059705
8.9970488
8.9962462
9.0032351
9.0141766
9.0152869
9.0058167
8.9966408
8.9954972
9.0034491
9.0140696
9.0155878
9.0062781
8.9963533
8.9958784
9.0033287
9.0141165
9.0151799
9.0059237
8.9966007
8.9957447
9.0036498
9.014063
9.0148521
9.005937
8.996273
8.9954169
9.0038838
9.0143639
9.0155544
9.006024
8.995972
8.9956845
9.0033689
9.0141365
9.0150327
9.0053284
8.9958784
8.9956243
9.0035561
9.0144174
9.0155945
9.0060173
8.9966408
8.9962329
9.0040243
9.0147451
9.0154273
9.0056562
8.9964803
8.995845
9.0035494
9.0143773
9.0152467
9.0057163
8.9961192
8.9957513
9.0033421
9.0140028
9.0154541
9.0053151
8.9963934
8.9955908
9.003409
9.0139158
9.0153872
9.005596
8.9964402
8.9956978
9.0032953
9.0143037
9.0153002
9.0060976
8.996701
8.9948552
9.0032017
9.0147384
9.0158353
9.0062982
8.9965806
8.9951762
9.0028539
9.0141031
9.0160159
9.0064453
8.9968348
8.9949822
9.0023189
9.0140563
9.0155678
9.0067864
8.9968682
8.9953835
9.0025396
9.0139158
9.0153939
9.0065323
8.9968482
8.9949287
9.0028138
9.0142302
9.0158821
9.006432
8.9968749
8.9954905
9.0026332
9.0143305
9.0155477
9.0064052
8.9970956
8.9951896
9.0023857
9.0140763
9.0157684
9.0062046
8.9973497
8.9951026
9.0022119
9.014491
9.0154407
9.0064253
8.9971357
8.9945877
9.0023857
9.0143037
9.0155076
9.0067195
8.9970555
8.9945408
9.0022854
9.0145044
9.0156012
9.0065858
8.9970755
8.9948552
9.0022654
9.0140696
9.0152334
9.0062447
8.9972093